-19401.496 19401.496 -0.200957 0.591684 0.018569 0.000004126
-19401.496 18104.738 -0.200957 0.591684 0.018284 0.000004157
-18104.738 18104.738 -0.200957 0.591684 0.018527 0.000002901
-18104.738 19401.496 -0.200957 0.591684 0.018267 0.000003140
-19401.496 16807.980 -0.200957 0.591684 0.018441 0.000006621
-19401.496 15610.973 -0.200957 0.591684 0.019032 0.000003441
-18104.738 15610.973 -0.200957 0.591684 0.018333 0.000003959
-18104.738 16807.980 -0.200957 0.591684 0.018469 0.000005902
-17107.232 17107.232 -0.200957 0.591684 0.018784 0.000008464
-17107.232 16508.728 -0.200957 0.591684 0.018541 0.000010111
-16508.728 16508.728 -0.200957 0.591684 0.019406 0.000013095
-16508.728 17107.232 -0.200957 0.591684 0.019183 0.000005968
-16807.980 15610.973 -0.200957 0.591684 0.018745 0.000004292
-15610.973 15610.973 -0.200957 0.591684 0.018765 0.000005334
-15610.973 16807.980 -0.200957 0.591684 0.019121 0.000002907
-16209.476 18802.993 -0.200957 0.591684 0.018620 0.000001916
-18802.993 13715.711 -0.200957 0.591684 0.018190 0.000001554
-19401.496 11820.449 -0.200957 0.591684 0.017987 0.000003257
-19401.496 10623.441 -0.200957 0.591684 0.018705 0.000004224
-18104.738 10623.441 -0.200957 0.591684 0.018366 0.000004715
-18104.738 11820.449 -0.200957 0.591684 0.017693 0.000002832
-16807.980 11820.449 -0.200957 0.591684 0.017941 0.000004858
-16807.980 10623.441 -0.200957 0.591684 0.018868 0.000003865
-15610.973 10623.441 -0.200957 0.591684 0.018877 0.000004340
-15610.973 11820.449 -0.200957 0.591684 0.018554 0.000003602
-16807.980 14314.214 -0.200957 0.591684 0.017652 0.000003229
-16807.980 13117.207 -0.200957 0.591684 0.018239 0.000003701
-15610.973 13117.207 -0.200957 0.591684 0.017688 0.000004597
-15610.973 14314.214 -0.200957 0.591684 0.016842 0.000005480
-14314.214 14314.214 -0.200957 0.591684 0.017469 0.000003920
-14314.214 13117.207 -0.200957 0.591684 0.018027 0.000007713
-13416.459 13416.459 -0.200957 0.591684 0.017899 0.000007880
-13416.459 12817.955 -0.200957 0.591684 0.017911 0.000008706
-12817.955 12817.955 -0.200957 0.591684 0.018128 0.000014881
-12817.955 13416.459 -0.200957 0.591684 0.017505 0.000011550
-13117.207 14314.214 -0.200957 0.591684 0.017680 0.000004282
-14314.214 11820.449 -0.200957 0.591684 0.018756 0.000006563
-14613.466 10922.693 -0.200957 0.591684 0.018176 0.000008517
-14613.466 10324.190 -0.200957 0.591684 0.018714 0.000007653
-14014.963 10324.190 -0.200957 0.591684 0.019474 0.000012586
-14014.963 10922.693 -0.200957 0.591684 0.019701 0.000009857
-13117.207 10623.441 -0.200957 0.591684 0.019991 0.000005284
-13416.459 12119.701 -0.200957 0.591684 0.018778 0.000010800
-13416.459 11521.197 -0.200957 0.591684 0.020279 0.000008725
-12817.955 11521.197 -0.200957 0.591684 0.020158 0.000009601
-12817.955 12119.701 -0.200957 0.591684 0.019694 0.000014825
-11820.449 11820.449 -0.200957 0.591684 0.018286 0.000008252
-11820.449 10623.441 -0.200957 0.591684 0.018988 0.000006709
-10623.441 10623.441 -0.200957 0.591684 0.017914 0.000003269
-10922.693 12119.701 -0.200957 0.591684 0.016310 0.000011023
-10922.693 11521.197 -0.200957 0.591684 0.016926 0.000010101
-10324.190 11521.197 -0.200957 0.591684 0.017516 0.000010628
-10324.190 12119.701 -0.200957 0.591684 0.016884 0.000008638
-11820.449 14314.214 -0.200957 0.591684 0.017245 0.000003751
-11820.449 13117.207 -0.200957 0.591684 0.018231 0.000004838
-10623.441 13117.207 -0.200957 0.591684 0.017341 0.000007275
-10922.693 14613.466 -0.200957 0.591684 0.016847 0.000006857
-10922.693 14014.963 -0.200957 0.591684 0.017114 0.000007491
-10324.190 14014.963 -0.200957 0.591684 0.018577 0.000015164
-10324.190 14613.466 -0.200957 0.591684 0.017026 0.000012137
-14314.214 19401.496 -0.200957 0.591684 0.018334 0.000003568
-14314.214 18104.738 -0.200957 0.591684 0.019647 0.000002505
-13117.207 18104.738 -0.200957 0.591684 0.018992 0.000003315
-13117.207 19401.496 -0.200957 0.591684 0.018872 0.000003550
-13715.711 16209.476 -0.200957 0.591684 0.019040 0.000002175
-11820.449 16807.980 -0.200957 0.591684 0.018061 0.000004519
-11820.449 15610.973 -0.200957 0.591684 0.017934 0.000002620
-10623.441 15610.973 -0.200957 0.591684 0.017716 0.000003797
-10623.441 16807.980 -0.200957 0.591684 0.017951 0.000004323
-11820.449 19401.496 -0.200957 0.591684 0.018445 0.000004749
-11820.449 18104.738 -0.200957 0.591684 0.018075 0.000004128
-10623.441 18104.738 -0.200957 0.591684 0.017924 0.000005536
-10623.441 19401.496 -0.200957 0.591684 0.018363 0.000005289
-19401.496 9326.683 -0.200957 0.591684 0.018880 0.000004107
-19401.496 8129.676 -0.200957 0.591684 0.017683 0.000003560
-18403.990 8428.928 -0.200957 0.591684 0.017445 0.000014534
-18403.990 7830.424 -0.200957 0.591684 0.018357 0.000010458
-17805.486 7830.424 -0.200957 0.591684 0.017982 0.000008685
-17805.486 8428.928 -0.200957 0.591684 0.017861 0.000009326
-18403.990 9625.935 -0.200957 0.591684 0.017909 0.000010208
-18403.990 9027.431 -0.200957 0.591684 0.018244 0.000012044
-17805.486 9027.431 -0.200957 0.591684 0.018252 0.000012047
-17805.486 9625.935 -0.200957 0.591684 0.018339 0.000007346
-19401.496 6832.918 -0.200957 0.591684 0.017754 0.000004456
-19401.496 5635.910 -0.200957 0.591684 0.018444 0.000003645
-18104.738 5635.910 -0.200957 0.591684 0.019357 0.000002587
-18104.738 6832.918 -0.200957 0.591684 0.019435 0.000003773
-16209.476 6234.414 -0.200957 0.591684 0.019108 0.000001251
-16807.980 9326.683 -0.200957 0.591684 0.018462 0.000007074
-16807.980 8129.676 -0.200957 0.591684 0.018183 0.000004138
-15610.973 8129.676 -0.200957 0.591684 0.019320 0.000003887
-15610.973 9326.683 -0.200957 0.591684 0.018911 0.000002915
-18802.993 3740.648 -0.200957 0.591684 0.019589 0.000001620
-18802.993 1246.883 -0.200957 0.591684 0.018811 0.000001411
-16807.980 1845.387 -0.200957 0.591684 0.019586 0.000002797
-16807.980 648.379 -0.200957 0.591684 0.018936 0.000004549
-15610.973 648.379 -0.200957 0.591684 0.019392 0.000005250
-15610.973 1845.387 -0.200957 0.591684 0.019409 0.000003059
-16209.476 3740.648 -0.200957 0.591684 0.019363 0.000001443
-13715.711 3740.648 -0.200957 0.591684 0.019393 0.000001456
-14314.214 1845.387 -0.200957 0.591684 0.019204 0.000003549
-14314.214 648.379 -0.200957 0.591684 0.019146 0.000003385
-13117.207 648.379 -0.200957 0.591684 0.019293 0.000004093
-13117.207 1845.387 -0.200957 0.591684 0.019623 0.000003788
-11820.449 1845.387 -0.200957 0.591684 0.019906 0.000005540
-11820.449 648.379 -0.200957 0.591684 0.019463 0.000003598
-10623.441 648.379 -0.200957 0.591684 0.020063 0.000003790
-10623.441 1845.387 -0.200957 0.591684 0.021270 0.000005633
-11820.449 4339.152 -0.200957 0.591684 0.019503 0.000003946
-11820.449 3142.145 -0.200957 0.591684 0.020781 0.000003266
-10623.441 3142.145 -0.200957 0.591684 0.021931 0.000005409
-10623.441 4339.152 -0.200957 0.591684 0.020002 0.000007640
-14314.214 9326.683 -0.200957 0.591684 0.018859 0.000009522
-14613.466 8428.928 -0.200957 0.591684 0.019818 0.000010759
-14613.466 7830.424 -0.200957 0.591684 0.019851 0.000006001
-14014.963 7830.424 -0.200957 0.591684 0.019604 0.000007247
-14014.963 8428.928 -0.200957 0.591684 0.019543 0.000009313
-13117.207 8129.676 -0.200957 0.591684 0.019526 0.000004079
-13416.459 9625.935 -0.200957 0.591684 0.018298 0.000014959
-13416.459 9027.431 -0.200957 0.591684 0.019656 0.000016517
-12817.955 9027.431 -0.200957 0.591684 0.020383 0.000006419
-12817.955 9625.935 -0.200957 0.591684 0.019598 0.000008790
-13715.711 6234.414 -0.200957 0.591684 0.019878 0.000001544
-11820.449 6832.918 -0.200957 0.591684 0.019634 0.000005101
-11820.449 5635.910 -0.200957 0.591684 0.019436 0.000004401
-10922.693 5935.162 -0.200957 0.591684 0.019551 0.000012097
-10922.693 5336.658 -0.200957 0.591684 0.018780 0.000007686
-10324.190 5336.658 -0.200957 0.591684 0.020587 0.000006204
-10324.190 5935.162 -0.200957 0.591684 0.020856 0.000006431
-10623.441 6832.918 -0.200957 0.591684 0.019173 0.000006833
-11820.449 9326.683 -0.200957 0.591684 0.019927 0.000005917
-11820.449 8129.676 -0.200957 0.591684 0.018683 0.000005218
-10623.441 8129.676 -0.200957 0.591684 0.019117 0.000006059
-10623.441 9326.683 -0.200957 0.591684 0.018523 0.000004661
-9326.683 9326.683 -0.200957 0.591684 0.019596 0.000005556
-9326.683 8129.676 -0.200957 0.591684 0.019927 0.000003481
-8129.676 8129.676 -0.200957 0.591684 0.020403 0.000005908
-8129.676 9326.683 -0.200957 0.591684 0.019283 0.000005969
-9326.683 6832.918 -0.200957 0.591684 0.021053 0.000003808
-9326.683 5635.910 -0.200957 0.591684 0.021822 0.000004855
-8129.676 5635.910 -0.200957 0.591684 0.023203 0.000003276
-8129.676 6832.918 -0.200957 0.591684 0.022776 0.000007660
-6832.918 6832.918 -0.200957 0.591684 0.023436 0.000007459
-6832.918 5635.910 -0.200957 0.591684 0.025490 0.000009691
-5635.910 5635.910 -0.200957 0.591684 0.028897 0.000006267
-5635.910 6832.918 -0.200957 0.591684 0.024446 0.000008145
-6832.918 9326.683 -0.200957 0.591684 0.020270 0.000006965
-6832.918 8129.676 -0.200957 0.591684 0.020965 0.000004349
-5635.910 8129.676 -0.200957 0.591684 0.022026 0.000003917
-5635.910 9326.683 -0.200957 0.591684 0.020940 0.000003909
-9326.683 4339.152 -0.200957 0.591684 0.021873 0.000003827
-9326.683 3142.145 -0.200957 0.591684 0.022978 0.000005159
-8129.676 3142.145 -0.200957 0.591684 0.025397 0.000007128
-8129.676 4339.152 -0.200957 0.591684 0.023919 0.000007621
-9326.683 1845.387 -0.200957 0.591684 0.022846 0.000004664
-9326.683 648.379 -0.200957 0.591684 0.021062 0.000006592
-8129.676 648.379 -0.200957 0.591684 0.024335 0.000009438
-8129.676 1845.387 -0.200957 0.591684 0.024508 0.000008374
-6832.918 1845.387 -0.200957 0.591684 0.029865 0.000011475
-7132.170 947.631 -0.200957 0.591684 0.026466 0.000010355
-7132.170 349.127 -0.200957 0.591684 0.025609 0.000013198
-6533.666 349.127 -0.200957 0.591684 0.027534 0.000018925
-6533.666 947.631 -0.200957 0.591684 0.029846 0.000022366
-5635.910 648.379 -0.200957 0.591684 0.033430 0.000016803
-5635.910 1845.387 -0.200957 0.591684 0.036227 0.000026082
-6832.918 4339.152 -0.200957 0.591684 0.027660 0.000010428
-6832.918 3142.145 -0.200957 0.591684 0.029116 0.000007686
-5935.162 3441.397 -0.200957 0.591684 0.032724 0.000025368
-5935.162 2842.893 -0.200957 0.591684 0.034001 0.000030178
-5336.658 2842.893 -0.200957 0.591684 0.042030 0.000048919
-5336.658 3441.397 -0.200957 0.591684 0.038889 0.000044714
-5635.910 4339.152 -0.200957 0.591684 0.032081 0.000015716
-4339.152 4339.152 -0.200957 0.591684 0.040267 0.000040956
-4638.404 3441.397 -0.200957 0.591684 0.046999 0.000080637
-4638.404 2842.893 -0.200957 0.591684 0.051997 0.000067918
-4039.900 2842.893 -0.200957 0.591684 0.061932 0.000083808
-4039.900 3441.397 -0.200957 0.591684 0.055237 0.000095454
-3640.898 3640.898 -0.200957 0.591684 0.050985 0.000142679
-3640.898 3441.397 -0.200957 0.591684 0.059145 0.000467009
-3441.397 3441.397 -0.200957 0.591684 0.064432 0.000721251
-3441.397 3640.898 -0.200957 0.591684 0.058454 0.000397823
-3640.898 3341.646 -0.200957 0.591684 0.062829 0.000899169
-3640.898 3142.145 -0.200957 0.591684 0.061865 0.000213515
-3441.397 3142.145 -0.200957 0.591684 0.069973 0.000463961
-3441.397 3341.646 -0.200957 0.591684 0.068057 0.001420514
-3341.646 3341.646 -0.200957 0.591684 0.071478 0.002629875
-3341.646 3142.145 -0.200957 0.591684 0.073184 0.000744641
-3142.145 3142.145 -0.200957 0.591684 0.074259 0.000316217
-3142.145 3341.646 -0.200957 0.591684 0.072163 0.001192571
-3341.646 3640.898 -0.200957 0.591684 0.060575 0.000845313
-3341.646 3441.397 -0.200957 0.591684 0.066855 0.001422008
-3142.145 3441.397 -0.200957 0.591684 0.068066 0.000693413
-3142.145 3640.898 -0.200957 0.591684 0.058717 0.000331121
-3441.397 2842.893 -0.200957 0.591684 0.073341 0.000100460
-2942.643 2942.643 -0.200957 0.591684 0.077156 0.000171642
-2942.643 2643.392 -0.200957 0.591684 0.077328 0.000134825
-2743.142 2743.142 -0.200957 0.591684 0.079329 0.000225715
-2743.142 2543.641 -0.200957 0.591684 0.079293 0.000132040
-2543.641 2543.641 -0.200957 0.591684 0.078009 0.000221763
-2543.641 2743.142 -0.200957 0.591684 0.078186 0.000818092
-2743.142 3042.394 -0.200957 0.591684 0.077705 0.000685153
-2743.142 2842.893 -0.200957 0.591684 0.078754 0.000220356
-2543.641 2842.893 -0.200957 0.591684 0.077077 0.000380819
-2543.641 3042.394 -0.200957 0.591684 0.075867 0.001003936
-3042.394 3640.898 -0.200957 0.591684 0.061859 0.000925167
-3042.394 3441.397 -0.200957 0.591684 0.068752 0.001340382
-2842.893 3441.397 -0.200957 0.591684 0.069108 0.000669247
-2842.893 3640.898 -0.200957 0.591684 0.061742 0.000484677
-3042.394 3341.646 -0.200957 0.591684 0.073250 0.001994802
-3042.394 3142.145 -0.200957 0.591684 0.074742 0.000833682
-2842.893 3142.145 -0.200957 0.591684 0.074729 0.000432855
-2842.893 3341.646 -0.200957 0.591684 0.073202 0.000927154
-2743.142 3341.646 -0.200957 0.591684 0.072430 0.002012119
-2743.142 3142.145 -0.200957 0.591684 0.074079 0.001005275
-2543.641 3142.145 -0.200957 0.591684 0.073172 0.000480316
-2543.641 3341.646 -0.200957 0.591684 0.071821 0.001218901
-2743.142 3640.898 -0.200957 0.591684 0.060831 0.001071005
-2743.142 3441.397 -0.200957 0.591684 0.068665 0.001333930
-2543.641 3441.397 -0.200957 0.591684 0.067732 0.000552533
-2543.641 3640.898 -0.200957 0.591684 0.052944 0.000199817
-3441.397 4638.404 -0.200957 0.591684 0.039387 0.000064639
-3441.397 4039.900 -0.200957 0.591684 0.053382 0.000093948
-2842.893 4039.900 -0.200957 0.591684 0.053051 0.000107228
-2842.893 4638.404 -0.200957 0.591684 0.039978 0.000068371
-4638.404 2144.638 -0.200957 0.591684 0.049138 0.000077724
-4638.404 1546.135 -0.200957 0.591684 0.042413 0.000050498
-4039.900 1546.135 -0.200957 0.591684 0.050243 0.000082821
-4039.900 2144.638 -0.200957 0.591684 0.060214 0.000093379
-4339.152 648.379 -0.200957 0.591684 0.038475 0.000029696
-3441.397 947.631 -0.200957 0.591684 0.045007 0.000064724
-3441.397 349.127 -0.200957 0.591684 0.037110 0.000048653
-2842.893 349.127 -0.200957 0.591684 0.036719 0.000050747
-2842.893 947.631 -0.200957 0.591684 0.045460 0.000077268
-3441.397 2144.638 -0.200957 0.591684 0.068058 0.000111136
-3441.397 1546.135 -0.200957 0.591684 0.056577 0.000102829
-2842.893 1546.135 -0.200957 0.591684 0.055048 0.000099354
-2942.643 2344.140 -0.200957 0.591684 0.075261 0.000163790
-3042.394 2044.888 -0.200957 0.591684 0.072938 0.000264235
-3042.394 1845.387 -0.200957 0.591684 0.065834 0.000218867
-2842.893 1845.387 -0.200957 0.591684 0.067692 0.000456518
-2842.893 2044.888 -0.200957 0.591684 0.074296 0.000477193
-2743.142 2044.888 -0.200957 0.591684 0.071387 0.001442751
-2743.142 1845.387 -0.200957 0.591684 0.066603 0.000928687
-2543.641 1845.387 -0.200957 0.591684 0.065818 0.000236384
-2543.641 2044.888 -0.200957 0.591684 0.071387 0.000388999
-2643.392 2344.140 -0.200957 0.591684 0.077354 0.000235909
-2144.638 2144.638 -0.200957 0.591684 0.069236 0.000132763
-2144.638 1546.135 -0.200957 0.591684 0.050090 0.000103388
-1546.135 1546.135 -0.200957 0.591684 0.040230 0.000115032
-1546.135 2144.638 -0.200957 0.591684 0.046279 0.000122560
-2144.638 947.631 -0.200957 0.591684 0.040340 0.000083717
-2144.638 349.127 -0.200957 0.591684 0.033008 0.000054318
-1546.135 349.127 -0.200957 0.591684 0.027737 0.000030759
-1546.135 947.631 -0.200957 0.591684 0.031438 0.000066198
-648.379 648.379 -0.200957 0.591684 0.023700 0.000022417
-947.631 2144.638 -0.200957 0.591684 0.032747 0.000089599
-947.631 1546.135 -0.200957 0.591684 0.029691 0.000057056
-349.127 1546.135 -0.200957 0.591684 0.022368 0.000028599
-349.127 2144.638 -0.200957 0.591684 0.024311 0.000045862
-1845.387 4339.152 -0.200957 0.591684 0.036986 0.000057512
-2344.140 3541.147 -0.200957 0.591684 0.056659 0.000389367
-2344.140 3241.895 -0.200957 0.591684 0.068460 0.000425167
-2044.888 3341.646 -0.200957 0.591684 0.062456 0.001556096
-2044.888 3142.145 -0.200957 0.591684 0.063531 0.000620949
-1845.387 3142.145 -0.200957 0.591684 0.058199 0.000531023
-1845.387 3341.646 -0.200957 0.591684 0.056691 0.001249742
-2044.888 3640.898 -0.200957 0.591684 0.050352 0.000190002
-2044.888 3441.397 -0.200957 0.591684 0.059334 0.000573045
-1845.387 3441.397 -0.200957 0.591684 0.054071 0.000598983
-1845.387 3640.898 -0.200957 0.591684 0.047073 0.000207795
-2344.140 2942.643 -0.200957 0.591684 0.072360 0.000367624
-2344.140 2643.392 -0.200957 0.591684 0.074543 0.000266189
-2044.888 2743.142 -0.200957 0.591684 0.067217 0.001584168
-2044.888 2543.641 -0.200957 0.591684 0.067583 0.000401134
-1845.387 2543.641 -0.200957 0.591684 0.061634 0.000310305
-1845.387 2743.142 -0.200957 0.591684 0.061509 0.001221788
-2044.888 3042.394 -0.200957 0.591684 0.065846 0.001537721
-2044.888 2842.893 -0.200957 0.591684 0.066454 0.000630709
-1845.387 2842.893 -0.200957 0.591684 0.060615 0.000586405
-1845.387 3042.394 -0.200957 0.591684 0.059882 0.001188348
-1546.135 2842.893 -0.200957 0.591684 0.044500 0.000128704
-1546.135 3441.397 -0.200957 0.591684 0.039395 0.000130382
-947.631 3441.397 -0.200957 0.591684 0.031472 0.000059581
-947.631 2842.893 -0.200957 0.591684 0.033991 0.000068024
-349.127 2842.893 -0.200957 0.591684 0.022918 0.000037657
-349.127 3441.397 -0.200957 0.591684 0.021063 0.000026429
-648.379 4339.152 -0.200957 0.591684 0.021591 0.000023828
-4339.152 9326.683 -0.200957 0.591684 0.020167 0.000005518
-4339.152 8129.676 -0.200957 0.591684 0.021261 0.000006546
-3142.145 8129.676 -0.200957 0.591684 0.020995 0.000007077
-3142.145 9326.683 -0.200957 0.591684 0.018376 0.000004911
-4339.152 6832.918 -0.200957 0.591684 0.024446 0.000007996
-4339.152 5635.910 -0.200957 0.591684 0.030264 0.000015842
-3142.145 5635.910 -0.200957 0.591684 0.028325 0.000024065
-3142.145 6832.918 -0.200957 0.591684 0.022917 0.000007836
-1845.387 6832.918 -0.200957 0.591684 0.020632 0.000007541
-2144.638 5935.162 -0.200957 0.591684 0.024615 0.000020628
-2144.638 5336.658 -0.200957 0.591684 0.030510 0.000041753
-1546.135 5336.658 -0.200957 0.591684 0.025785 0.000036825
-1546.135 5935.162 -0.200957 0.591684 0.021947 0.000014451
-648.379 5635.910 -0.200957 0.591684 0.019775 0.000008680
-648.379 6832.918 -0.200957 0.591684 0.019067 0.000004668
-1845.387 9326.683 -0.200957 0.591684 0.018447 0.000005422
-1845.387 8129.676 -0.200957 0.591684 0.018835 0.000004342
-648.379 8129.676 -0.200957 0.591684 0.018677 0.000005265
-947.631 9625.935 -0.200957 0.591684 0.018221 0.000006894
-947.631 9027.431 -0.200957 0.591684 0.018937 0.000010994
-349.127 9027.431 -0.200957 0.591684 0.018783 0.000009868
-349.127 9625.935 -0.200957 0.591684 0.018702 0.000010080
-9326.683 19401.496 -0.200957 0.591684 0.019174 0.000004971
-9326.683 18104.738 -0.200957 0.591684 0.019171 0.000003403
-8129.676 18104.738 -0.200957 0.591684 0.018852 0.000003401
-8129.676 19401.496 -0.200957 0.591684 0.018713 0.000003763
-8728.180 16209.476 -0.200957 0.591684 0.018526 0.000002104
-6832.918 16807.980 -0.200957 0.591684 0.018184 0.000003345
-6832.918 15610.973 -0.200957 0.591684 0.018826 0.000003773
-5635.910 15610.973 -0.200957 0.591684 0.018934 0.000004097
-5635.910 16807.980 -0.200957 0.591684 0.019309 0.000004241
-6832.918 19401.496 -0.200957 0.591684 0.018087 0.000003899
-6832.918 18104.738 -0.200957 0.591684 0.017742 0.000004298
-5635.910 18104.738 -0.200957 0.591684 0.018404 0.000004051
-5635.910 19401.496 -0.200957 0.591684 0.018213 0.000002908
-9625.935 14613.466 -0.200957 0.591684 0.018066 0.000011332
-9625.935 14014.963 -0.200957 0.591684 0.018892 0.000011006
-9027.431 14014.963 -0.200957 0.591684 0.017758 0.000009176
-9027.431 14613.466 -0.200957 0.591684 0.018366 0.000008510
-9326.683 13117.207 -0.200957 0.591684 0.017636 0.000004034
-8129.676 13117.207 -0.200957 0.591684 0.017880 0.000002969
-8129.676 14314.214 -0.200957 0.591684 0.018962 0.000005648
-9326.683 11820.449 -0.200957 0.591684 0.017636 0.000004606
-9326.683 10623.441 -0.200957 0.591684 0.018790 0.000003434
-8129.676 10623.441 -0.200957 0.591684 0.019643 0.000004113
-8129.676 11820.449 -0.200957 0.591684 0.018306 0.000006097
-6832.918 11820.449 -0.200957 0.591684 0.018100 0.000006312
-7132.170 10922.693 -0.200957 0.591684 0.019862 0.000012544
-7132.170 10324.190 -0.200957 0.591684 0.020518 0.000009013
-6533.666 10324.190 -0.200957 0.591684 0.020198 0.000012254
-6533.666 10922.693 -0.200957 0.591684 0.020231 0.000007309
-5635.910 10623.441 -0.200957 0.591684 0.020216 0.000003103
-5635.910 11820.449 -0.200957 0.591684 0.018931 0.000003894
-6832.918 14314.214 -0.200957 0.591684 0.017889 0.000006625
-6832.918 13117.207 -0.200957 0.591684 0.017161 0.000003948
-5635.910 13117.207 -0.200957 0.591684 0.018479 0.000003171
-5635.910 14314.214 -0.200957 0.591684 0.018210 0.000004264
-3740.648 13715.711 -0.200957 0.591684 0.018180 0.000002108
-4339.152 11820.449 -0.200957 0.591684 0.017871 0.000005198
-4339.152 10623.441 -0.200957 0.591684 0.018613 0.000007151
-3142.145 10623.441 -0.200957 0.591684 0.018210 0.000002602
-3142.145 11820.449 -0.200957 0.591684 0.017585 0.000002430
-1246.883 11221.945 -0.200957 0.591684 0.017789 0.000002061
-1845.387 14314.214 -0.200957 0.591684 0.017376 0.000006486
-1845.387 13117.207 -0.200957 0.591684 0.016679 0.000003409
-648.379 13117.207 -0.200957 0.591684 0.016939 0.000003115
-648.379 14314.214 -0.200957 0.591684 0.017952 0.000008734
-3740.648 18802.993 -0.200957 0.591684 0.018572 0.000001990
-4339.152 16807.980 -0.200957 0.591684 0.020132 0.000004138
-4339.152 15610.973 -0.200957 0.591684 0.018750 0.000003013
-3142.145 15610.973 -0.200957 0.591684 0.018818 0.000004845
-3142.145 16807.980 -0.200957 0.591684 0.019245 0.000002795
-1845.387 16807.980 -0.200957 0.591684 0.018001 0.000004846
-2144.638 15910.224 -0.200957 0.591684 0.019205 0.000010162
-2144.638 15311.721 -0.200957 0.591684 0.018496 0.000006710
-1546.135 15311.721 -0.200957 0.591684 0.017947 0.000010649
-1546.135 15910.224 -0.200957 0.591684 0.017523 0.000009502
-648.379 15610.973 -0.200957 0.591684 0.017967 0.000004783
-648.379 16807.980 -0.200957 0.591684 0.017153 0.000004037
-1845.387 19401.496 -0.200957 0.591684 0.017284 0.000002757
-1845.387 18104.738 -0.200957 0.591684 0.018714 0.000003467
-648.379 18104.738 -0.200957 0.591684 0.017518 0.000003032
-648.379 19401.496 -0.200957 0.591684 0.018171 0.000003051
-19700.748 -349.127 -0.200957 0.591684 0.018943 0.000007657
-19700.748 -947.631 -0.200957 0.591684 0.018351 0.000007472
-19102.244 -947.631 -0.200957 0.591684 0.017399 0.000010953
-19102.244 -349.127 -0.200957 0.591684 0.018992 0.000009039
-19401.496 -1945.137 -0.200957 0.591684 0.018717 0.000005199
-18104.738 -1945.137 -0.200957 0.591684 0.019134 0.000005947
-18403.990 -349.127 -0.200957 0.591684 0.019064 0.000011724
-18403.990 -947.631 -0.200957 0.591684 0.018185 0.000014110
-17805.486 -947.631 -0.200957 0.591684 0.018990 0.000007249
-17805.486 -349.127 -0.200957 0.591684 0.018750 0.000006274
-19700.748 -2942.643 -0.200957 0.591684 0.019547 0.000012312
-19700.748 -3541.147 -0.200957 0.591684 0.019064 0.000027203
-19102.244 -3541.147 -0.200957 0.591684 0.019948 0.000013179
-19102.244 -2942.643 -0.200957 0.591684 0.020642 0.000009145
-19401.496 -4438.903 -0.200957 0.591684 0.017719 0.000004001
-18104.738 -4438.903 -0.200957 0.591684 0.019104 0.000005764
-18104.738 -3241.895 -0.200957 0.591684 0.019633 0.000003751
-16807.980 -3241.895 -0.200957 0.591684 0.019520 0.000005527
-16807.980 -4438.903 -0.200957 0.591684 0.018712 0.000004360
-15610.973 -4438.903 -0.200957 0.591684 0.018628 0.000004893
-15910.224 -2942.643 -0.200957 0.591684 0.019805 0.000008190
-15910.224 -3541.147 -0.200957 0.591684 0.018602 0.000010877
-15311.721 -3541.147 -0.200957 0.591684 0.018474 0.000010335
-15311.721 -2942.643 -0.200957 0.591684 0.019450 0.000006968
-17107.232 -349.127 -0.200957 0.591684 0.018596 0.000014988
-17107.232 -947.631 -0.200957 0.591684 0.019127 0.000016664
-16508.728 -947.631 -0.200957 0.591684 0.018951 0.000015331
-16508.728 -349.127 -0.200957 0.591684 0.020359 0.000011254
-17107.232 -1645.885 -0.200957 0.591684 0.018372 0.000012192
-17107.232 -2244.389 -0.200957 0.591684 0.018828 0.000009826
-16508.728 -2244.389 -0.200957 0.591684 0.018356 0.000015487
-16508.728 -1645.885 -0.200957 0.591684 0.018631 0.000015263
-15610.973 -1945.137 -0.200957 0.591684 0.019892 0.000005773
-15910.224 -349.127 -0.200957 0.591684 0.019629 0.000009626
-15910.224 -947.631 -0.200957 0.591684 0.019186 0.000011443
-15311.721 -947.631 -0.200957 0.591684 0.018779 0.000011881
-15311.721 -349.127 -0.200957 0.591684 0.019188 0.000010820
-19401.496 -5735.661 -0.200957 0.591684 0.018126 0.000004597
-19401.496 -6932.668 -0.200957 0.591684 0.019100 0.000005777
-18104.738 -6932.668 -0.200957 0.591684 0.017194 0.000005291
-18104.738 -5735.661 -0.200957 0.591684 0.017706 0.000005151
-19700.748 -7930.175 -0.200957 0.591684 0.020176 0.000010480
-19700.748 -8528.678 -0.200957 0.591684 0.019082 0.000015610
-19102.244 -8528.678 -0.200957 0.591684 0.018869 0.000007633
-19102.244 -7930.175 -0.200957 0.591684 0.019668 0.000011348
-19401.496 -9426.434 -0.200957 0.591684 0.018671 0.000003618
-18104.738 -9426.434 -0.200957 0.591684 0.018814 0.000003584
-18104.738 -8229.426 -0.200957 0.591684 0.017752 0.000005163
-16807.980 -8229.426 -0.200957 0.591684 0.017133 0.000003993
-16807.980 -9426.434 -0.200957 0.591684 0.018440 0.000005487
-15610.973 -9426.434 -0.200957 0.591684 0.019136 0.000005392
-15610.973 -8229.426 -0.200957 0.591684 0.018092 0.000005404
-16807.980 -5735.661 -0.200957 0.591684 0.017923 0.000005062
-16807.980 -6932.668 -0.200957 0.591684 0.018225 0.000005526
-15610.973 -6932.668 -0.200957 0.591684 0.019040 0.000003956
-15910.224 -5436.409 -0.200957 0.591684 0.018146 0.000008713
-15910.224 -6034.913 -0.200957 0.591684 0.018019 0.000013054
-15311.721 -6034.913 -0.200957 0.591684 0.018133 0.000010351
-15311.721 -5436.409 -0.200957 0.591684 0.018867 0.000012572
-14314.214 -5735.661 -0.200957 0.591684 0.019649 0.000006812
-14314.214 -6932.668 -0.200957 0.591684 0.019493 0.000004254
-13117.207 -6932.668 -0.200957 0.591684 0.018680 0.000004569
-13117.207 -5735.661 -0.200957 0.591684 0.019548 0.000004315
-14314.214 -8229.426 -0.200957 0.591684 0.019207 0.000005051
-14314.214 -9426.434 -0.200957 0.591684 0.019368 0.000004394
-13416.459 -9127.182 -0.200957 0.591684 0.018899 0.000013617
-13416.459 -9725.686 -0.200957 0.591684 0.018794 0.000018155
-12817.955 -9725.686 -0.200957 0.591684 0.017605 0.000014131
-12817.955 -9127.182 -0.200957 0.591684 0.018499 0.000007892
-13117.207 -8229.426 -0.200957 0.591684 0.019108 0.000004011
-11820.449 -8229.426 -0.200957 0.591684 0.018008 0.000003275
-11820.449 -9426.434 -0.200957 0.591684 0.018252 0.000003710
-10623.441 -9426.434 -0.200957 0.591684 0.018999 0.000003372
-10623.441 -8229.426 -0.200957 0.591684 0.018187 0.000003254
-11221.945 -6334.165 -0.200957 0.591684 0.017876 0.000001745
-14314.214 -648.379 -0.200957 0.591684 0.019593 0.000004994
-14314.214 -1945.137 -0.200957 0.591684 0.020018 0.000004234
-13117.207 -1945.137 -0.200957 0.591684 0.019833 0.000003564
-13117.207 -648.379 -0.200957 0.591684 0.019824 0.000003370
-14314.214 -3241.895 -0.200957 0.591684 0.019433 0.000003907
-14314.214 -4438.903 -0.200957 0.591684 0.019796 0.000003774
-13117.207 -4438.903 -0.200957 0.591684 0.019376 0.000005943
-13117.207 -3241.895 -0.200957 0.591684 0.019329 0.000004099
-11820.449 -3241.895 -0.200957 0.591684 0.018975 0.000003860
-11820.449 -4438.903 -0.200957 0.591684 0.018281 0.000003059
-10623.441 -4438.903 -0.200957 0.591684 0.019161 0.000003931
-10623.441 -3241.895 -0.200957 0.591684 0.018700 0.000007620
-11820.449 -648.379 -0.200957 0.591684 0.018954 0.000003494
-11820.449 -1945.137 -0.200957 0.591684 0.019207 0.000004615
-10922.693 -1645.885 -0.200957 0.591684 0.018659 0.000009800
-10922.693 -2244.389 -0.200957 0.591684 0.018467 0.000012080
-10324.190 -2244.389 -0.200957 0.591684 0.018806 0.000012226
-10324.190 -1645.885 -0.200957 0.591684 0.018672 0.000007507
-10623.441 -648.379 -0.200957 0.591684 0.019816 0.000006514
-18802.993 -11321.696 -0.200957 0.591684 0.019286 0.000001289
-19401.496 -13216.958 -0.200957 0.591684 0.018479 0.000003308
-19401.496 -14413.965 -0.200957 0.591684 0.019794 0.000003900
-18104.738 -14413.965 -0.200957 0.591684 0.019770 0.000004713
-18104.738 -13216.958 -0.200957 0.591684 0.017842 0.000003050
-16807.980 -13216.958 -0.200957 0.591684 0.019126 0.000006135
-16807.980 -14413.965 -0.200957 0.591684 0.019735 0.000005453
-15610.973 -14413.965 -0.200957 0.591684 0.019669 0.000005257
-15610.973 -13216.958 -0.200957 0.591684 0.019110 0.000004317
-16807.980 -10723.192 -0.200957 0.591684 0.019216 0.000002981
-16807.980 -11920.200 -0.200957 0.591684 0.018951 0.000004351
-15610.973 -11920.200 -0.200957 0.591684 0.018500 0.000004413
-15910.224 -10423.940 -0.200957 0.591684 0.019230 0.000012899
-15910.224 -11022.444 -0.200957 0.591684 0.019870 0.000008468
-15311.721 -11022.444 -0.200957 0.591684 0.019265 0.000008396
-15311.721 -10423.940 -0.200957 0.591684 0.018048 0.000007527
-19401.496 -15710.723 -0.200957 0.591684 0.019130 0.000005348
-19401.496 -16907.731 -0.200957 0.591684 0.018349 0.000004422
-18104.738 -16907.731 -0.200957 0.591684 0.018501 0.000004794
-18104.738 -15710.723 -0.200957 0.591684 0.018499 0.000003521
-19401.496 -18204.489 -0.200957 0.591684 0.018898 0.000003748
-19401.496 -19401.496 -0.200957 0.591684 0.018639 0.000004705
-18104.738 -19401.496 -0.200957 0.591684 0.018279 0.000002749
-18104.738 -18204.489 -0.200957 0.591684 0.018030 0.000003256
-16209.476 -18802.993 -0.200957 0.591684 0.018269 0.000001301
-17107.232 -15411.471 -0.200957 0.591684 0.019589 0.000012742
-17107.232 -16009.975 -0.200957 0.591684 0.018744 0.000010383
-16508.728 -16009.975 -0.200957 0.591684 0.018336 0.000007025
-16508.728 -15411.471 -0.200957 0.591684 0.018752 0.000007846
-16807.980 -16907.731 -0.200957 0.591684 0.017830 0.000004435
-15610.973 -16907.731 -0.200957 0.591684 0.018450 0.000003636
-15610.973 -15710.723 -0.200957 0.591684 0.018617 0.000003196
-14314.214 -15710.723 -0.200957 0.591684 0.019520 0.000003702
-14314.214 -16907.731 -0.200957 0.591684 0.018627 0.000003580
-13117.207 -16907.731 -0.200957 0.591684 0.019439 0.000005207
-13117.207 -15710.723 -0.200957 0.591684 0.019439 0.000004064
-13715.711 -18802.993 -0.200957 0.591684 0.018206 0.000001357
-11820.449 -18204.489 -0.200957 0.591684 0.017626 0.000002525
-11820.449 -19401.496 -0.200957 0.591684 0.017915 0.000003056
-10623.441 -19401.496 -0.200957 0.591684 0.019071 0.000004594
-10623.441 -18204.489 -0.200957 0.591684 0.017396 0.000003157
-11820.449 -15710.723 -0.200957 0.591684 0.018544 0.000004579
-11820.449 -16907.731 -0.200957 0.591684 0.018388 0.000003478
-10623.441 -16907.731 -0.200957 0.591684 0.018096 0.000003913
-10623.441 -15710.723 -0.200957 0.591684 0.017650 0.000005692
-14314.214 -10723.192 -0.200957 0.591684 0.019031 0.000005831
-14314.214 -11920.200 -0.200957 0.591684 0.017964 0.000004471
-13117.207 -11920.200 -0.200957 0.591684 0.017307 0.000004737
-13416.459 -10423.940 -0.200957 0.591684 0.018772 0.000010762
-13416.459 -11022.444 -0.200957 0.591684 0.018015 0.000010201
-12817.955 -11022.444 -0.200957 0.591684 0.018549 0.000010506
-12817.955 -10423.940 -0.200957 0.591684 0.018298 0.000010184
-14314.214 -13216.958 -0.200957 0.591684 0.018711 0.000003953
-14314.214 -14413.965 -0.200957 0.591684 0.018918 0.000004044
-13117.207 -14413.965 -0.200957 0.591684 0.019825 0.000004275
-13117.207 -13216.958 -0.200957 0.591684 0.018837 0.000004435
-11820.449 -13216.958 -0.200957 0.591684 0.017271 0.000004880
-11820.449 -14413.965 -0.200957 0.591684 0.017590 0.000004620
-10623.441 -14413.965 -0.200957 0.591684 0.017444 0.000004624
-10623.441 -13216.958 -0.200957 0.591684 0.017909 0.000004005
-11820.449 -10723.192 -0.200957 0.591684 0.019421 0.000003851
-11820.449 -11920.200 -0.200957 0.591684 0.018662 0.000007411
-10623.441 -11920.200 -0.200957 0.591684 0.018479 0.000002673
-10623.441 -10723.192 -0.200957 0.591684 0.018360 0.000003459
-8728.180 -11321.696 -0.200957 0.591684 0.019058 0.000001691
-9326.683 -13216.958 -0.200957 0.591684 0.018269 0.000004076
-9326.683 -14413.965 -0.200957 0.591684 0.020119 0.000007017
-8129.676 -14413.965 -0.200957 0.591684 0.020664 0.000006387
-8428.928 -12917.706 -0.200957 0.591684 0.019003 0.000006259
-8428.928 -13516.209 -0.200957 0.591684 0.019225 0.000013585
-7830.424 -13516.209 -0.200957 0.591684 0.020136 0.000012087
-7830.424 -12917.706 -0.200957 0.591684 0.019452 0.000008088
-7132.170 -12917.706 -0.200957 0.591684 0.018947 0.000012308
-7132.170 -13516.209 -0.200957 0.591684 0.018873 0.000012094
-6533.666 -13516.209 -0.200957 0.591684 0.018978 0.000011447
-6533.666 -12917.706 -0.200957 0.591684 0.018638 0.000008058
-6832.918 -14413.965 -0.200957 0.591684 0.019326 0.000003545
-5635.910 -14413.965 -0.200957 0.591684 0.019944 0.000002391
-5635.910 -13216.958 -0.200957 0.591684 0.018268 0.000005161
-6832.918 -10723.192 -0.200957 0.591684 0.017812 0.000003091
-6832.918 -11920.200 -0.200957 0.591684 0.018160 0.000004337
-5635.910 -11920.200 -0.200957 0.591684 0.018380 0.000005000
-5635.910 -10723.192 -0.200957 0.591684 0.019052 0.000005147
-9326.683 -15710.723 -0.200957 0.591684 0.019311 0.000004007
-9326.683 -16907.731 -0.200957 0.591684 0.018219 0.000004779
-8129.676 -16907.731 -0.200957 0.591684 0.017988 0.000003760
-8428.928 -15411.471 -0.200957 0.591684 0.018909 0.000011439
-8428.928 -16009.975 -0.200957 0.591684 0.018850 0.000012524
-7830.424 -16009.975 -0.200957 0.591684 0.018665 0.000006937
-7830.424 -15411.471 -0.200957 0.591684 0.019537 0.000007393
-9326.683 -18204.489 -0.200957 0.591684 0.017931 0.000004515
-9326.683 -19401.496 -0.200957 0.591684 0.018701 0.000004900
-8129.676 -19401.496 -0.200957 0.591684 0.018198 0.000004081
-8129.676 -18204.489 -0.200957 0.591684 0.017536 0.000003945
-6832.918 -18204.489 -0.200957 0.591684 0.017745 0.000003431
-6832.918 -19401.496 -0.200957 0.591684 0.017960 0.000004865
-5635.910 -19401.496 -0.200957 0.591684 0.018436 0.000003258
-5635.910 -18204.489 -0.200957 0.591684 0.018546 0.000002455
-6234.414 -16309.227 -0.200957 0.591684 0.019197 0.000002485
-4339.152 -15710.723 -0.200957 0.591684 0.019084 0.000004354
-4339.152 -16907.731 -0.200957 0.591684 0.018259 0.000002891
-3142.145 -16907.731 -0.200957 0.591684 0.017647 0.000002659
-3142.145 -15710.723 -0.200957 0.591684 0.018460 0.000003592
-3740.648 -18802.993 -0.200957 0.591684 0.018770 0.000001564
-1845.387 -18204.489 -0.200957 0.591684 0.017440 0.000004810
-2144.638 -19102.244 -0.200957 0.591684 0.018642 0.000004193
-1546.135 -19102.244 -0.200957 0.591684 0.018639 0.000007761
-648.379 -19401.496 -0.200957 0.591684 0.018927 0.000003368
-648.379 -18204.489 -0.200957 0.591684 0.018107 0.000004880
-1845.387 -15710.723 -0.200957 0.591684 0.018627 0.000004454
-1845.387 -16907.731 -0.200957 0.591684 0.017749 0.000005223
-947.631 -16608.479 -0.200957 0.591684 0.018158 0.000006975
-947.631 -17206.983 -0.200957 0.591684 0.017587 0.000006238
-349.127 -17206.983 -0.200957 0.591684 0.018009 0.000011922
-349.127 -16608.479 -0.200957 0.591684 0.017762 0.000014015
-648.379 -15710.723 -0.200957 0.591684 0.018516 0.000005427
-4339.152 -10723.192 -0.200957 0.591684 0.018831 0.000003728
-4339.152 -11920.200 -0.200957 0.591684 0.017954 0.000003940
-3142.145 -11920.200 -0.200957 0.591684 0.017874 0.000003722
-3142.145 -10723.192 -0.200957 0.591684 0.018491 0.000003839
-3740.648 -13815.461 -0.200957 0.591684 0.018236 0.000002164
-1246.883 -13815.461 -0.200957 0.591684 0.018014 0.000001983
-1845.387 -10723.192 -0.200957 0.591684 0.017941 0.000003193
-1845.387 -11920.200 -0.200957 0.591684 0.017775 0.000004236
-648.379 -11920.200 -0.200957 0.591684 0.018099 0.000003426
-648.379 -10723.192 -0.200957 0.591684 0.018646 0.000004363
-9326.683 -648.379 -0.200957 0.591684 0.020249 0.000004974
-9326.683 -1945.137 -0.200957 0.591684 0.020557 0.000007031
-8129.676 -1945.137 -0.200957 0.591684 0.021253 0.000004167
-8428.928 -349.127 -0.200957 0.591684 0.021576 0.000016072
-8428.928 -947.631 -0.200957 0.591684 0.020677 0.000007562
-7830.424 -947.631 -0.200957 0.591684 0.021900 0.000009897
-7830.424 -349.127 -0.200957 0.591684 0.023543 0.000017475
-9326.683 -3241.895 -0.200957 0.591684 0.021781 0.000005551
-9326.683 -4438.903 -0.200957 0.591684 0.020052 0.000004167
-8129.676 -4438.903 -0.200957 0.591684 0.019733 0.000003125
-8129.676 -3241.895 -0.200957 0.591684 0.020493 0.000003102
-6234.414 -3840.399 -0.200957 0.591684 0.020916 0.000002874
-6832.918 -648.379 -0.200957 0.591684 0.023983 0.000010286
-6832.918 -1945.137 -0.200957 0.591684 0.021915 0.000002607
-5935.162 -1645.885 -0.200957 0.591684 0.022420 0.000015873
-5935.162 -2244.389 -0.200957 0.591684 0.021893 0.000007036
-5336.658 -2244.389 -0.200957 0.591684 0.022644 0.000010728
-5336.658 -1645.885 -0.200957 0.591684 0.023165 0.000013311
-5635.910 -648.379 -0.200957 0.591684 0.026681 0.000014553
-9326.683 -5735.661 -0.200957 0.591684 0.018508 0.000004210
-9326.683 -6932.668 -0.200957 0.591684 0.018097 0.000002686
-8129.676 -6932.668 -0.200957 0.591684 0.018484 0.000002114
-8129.676 -5735.661 -0.200957 0.591684 0.018662 0.000003393
-8728.180 -8827.930 -0.200957 0.591684 0.019105 0.000001618
-6832.918 -8229.426 -0.200957 0.591684 0.019446 0.000002322
-6832.918 -9426.434 -0.200957 0.591684 0.019072 0.000003623
-5635.910 -9426.434 -0.200957 0.591684 0.018989 0.000004112
-5635.910 -8229.426 -0.200957 0.591684 0.020737 0.000004723
-6234.414 -6334.165 -0.200957 0.591684 0.019109 0.000001975
-4339.152 -5735.661 -0.200957 0.591684 0.019955 0.000003847
-4339.152 -6932.668 -0.200957 0.591684 0.019959 0.000004271
-3142.145 -6932.668 -0.200957 0.591684 0.018587 0.000007977
-3441.397 -5436.409 -0.200957 0.591684 0.019526 0.000012648
-3441.397 -6034.913 -0.200957 0.591684 0.018641 0.000009295
-2842.893 -6034.913 -0.200957 0.591684 0.018174 0.000009137
-2842.893 -5436.409 -0.200957 0.591684 0.019347 0.000008974
-4339.152 -8229.426 -0.200957 0.591684 0.020531 0.000004651
-4339.152 -9426.434 -0.200957 0.591684 0.019307 0.000005257
-3142.145 -9426.434 -0.200957 0.591684 0.019092 0.000004331
-3142.145 -8229.426 -0.200957 0.591684 0.018476 0.000004168
-1845.387 -8229.426 -0.200957 0.591684 0.018424 0.000004257
-1845.387 -9426.434 -0.200957 0.591684 0.018416 0.000004223
-648.379 -9426.434 -0.200957 0.591684 0.019241 0.000005200
-648.379 -8229.426 -0.200957 0.591684 0.018868 0.000004811
-1845.387 -5735.661 -0.200957 0.591684 0.018697 0.000005198
-1845.387 -6932.668 -0.200957 0.591684 0.017756 0.000004000
-947.631 -6633.416 -0.200957 0.591684 0.018075 0.000009986
-947.631 -7231.920 -0.200957 0.591684 0.017883 0.000006589
-349.127 -7231.920 -0.200957 0.591684 0.017076 0.000010796
-349.127 -6633.416 -0.200957 0.591684 0.017162 0.000010555
-648.379 -5735.661 -0.200957 0.591684 0.017625 0.000004152
-4638.404 -349.127 -0.200957 0.591684 0.030170 0.000032407
-4638.404 -947.631 -0.200957 0.591684 0.025464 0.000016192
-4039.900 -947.631 -0.200957 0.591684 0.025223 0.000017190
-4039.900 -349.127 -0.200957 0.591684 0.030493 0.000053966
-4638.404 -1645.885 -0.200957 0.591684 0.022790 0.000011068
-4638.404 -2244.389 -0.200957 0.591684 0.022438 0.000013799
-4039.900 -2244.389 -0.200957 0.591684 0.022861 0.000008512
-4039.900 -1645.885 -0.200957 0.591684 0.023304 0.000017953
-3142.145 -1945.137 -0.200957 0.591684 0.023187 0.000006503
-3441.397 -349.127 -0.200957 0.591684 0.029319 0.000044503
-3441.397 -947.631 -0.200957 0.591684 0.025999 0.000015086
-2842.893 -947.631 -0.200957 0.591684 0.024674 0.000023768
-2842.893 -349.127 -0.200957 0.591684 0.029444 0.000039487
-4339.152 -3241.895 -0.200957 0.591684 0.022516 0.000003681
-4339.152 -4438.903 -0.200957 0.591684 0.021325 0.000004208
-3142.145 -4438.903 -0.200957 0.591684 0.019808 0.000005380
-3142.145 -3241.895 -0.200957 0.591684 0.021889 0.000004741
-1845.387 -3241.895 -0.200957 0.591684 0.020886 0.000006310
-2144.638 -4139.651 -0.200957 0.591684 0.021110 0.000011200
-2144.638 -4738.155 -0.200957 0.591684 0.020054 0.000013284
-1546.135 -4738.155 -0.200957 0.591684 0.018778 0.000010175
-1546.135 -4139.651 -0.200957 0.591684 0.020205 0.000015491
-648.379 -4438.903 -0.200957 0.591684 0.017564 0.000006322
-648.379 -3241.895 -0.200957 0.591684 0.019201 0.000005995
-2144.638 -349.127 -0.200957 0.591684 0.028237 0.000046489
-2144.638 -947.631 -0.200957 0.591684 0.023320 0.000017646
-1546.135 -947.631 -0.200957 0.591684 0.022968 0.000013370
-1546.135 -349.127 -0.200957 0.591684 0.025849 0.000032201
-1845.387 -1945.137 -0.200957 0.591684 0.021761 0.000005857
-648.379 -1945.137 -0.200957 0.591684 0.019474 0.000008870
-947.631 -349.127 -0.200957 0.591684 0.023767 0.000021948
-947.631 -947.631 -0.200957 0.591684 0.022290 0.000012761
-349.127 -947.631 -0.200957 0.591684 0.018292 0.000015571
-349.127 -349.127 -0.200957 0.591684 0.019224 0.000016317
1246.883 -1246.883 -0.200957 0.591684 0.018079 0.000001622
648.379 -3241.895 -0.200957 0.591684 0.018195 0.000003979
648.379 -4438.903 -0.200957 0.591684 0.017567 0.000004078
1845.387 -4438.903 -0.200957 0.591684 0.017473 0.000004159
1845.387 -3241.895 -0.200957 0.591684 0.018112 0.000003981
3142.145 -3241.895 -0.200957 0.591684 0.017190 0.000003017
3142.145 -4438.903 -0.200957 0.591684 0.016316 0.000005386
4339.152 -4438.903 -0.200957 0.591684 0.015378 0.000004447
4339.152 -3241.895 -0.200957 0.591684 0.016559 0.000003213
3740.648 -1246.883 -0.200957 0.591684 0.017505 0.000001883
1246.883 -6334.165 -0.200957 0.591684 0.016623 0.000002157
648.379 -8229.426 -0.200957 0.591684 0.016554 0.000003696
349.127 -9127.182 -0.200957 0.591684 0.017576 0.000007848
349.127 -9725.686 -0.200957 0.591684 0.017982 0.000007102
947.631 -9725.686 -0.200957 0.591684 0.017750 0.000013071
947.631 -9127.182 -0.200957 0.591684 0.017242 0.000015597
1845.387 -9426.434 -0.200957 0.591684 0.017936 0.000005704
1845.387 -8229.426 -0.200957 0.591684 0.017201 0.000003520
3142.145 -8229.426 -0.200957 0.591684 0.017998 0.000004123
2842.893 -9127.182 -0.200957 0.591684 0.016557 0.000010692
2842.893 -9725.686 -0.200957 0.591684 0.016960 0.000013995
3441.397 -9725.686 -0.200957 0.591684 0.015925 0.000009800
3441.397 -9127.182 -0.200957 0.591684 0.017019 0.000009503
4339.152 -9426.434 -0.200957 0.591684 0.017362 0.000008823
4339.152 -8229.426 -0.200957 0.591684 0.017894 0.000003599
3142.145 -5735.661 -0.200957 0.591684 0.016092 0.000003934
3142.145 -6932.668 -0.200957 0.591684 0.016678 0.000003914
4339.152 -6932.668 -0.200957 0.591684 0.017046 0.000005139
4339.152 -5735.661 -0.200957 0.591684 0.016075 0.000005716
5635.910 -5735.661 -0.200957 0.591684 0.016562 0.000003650
5635.910 -6932.668 -0.200957 0.591684 0.017694 0.000003786
6533.666 -6633.416 -0.200957 0.591684 0.017153 0.000014835
6533.666 -7231.920 -0.200957 0.591684 0.018995 0.000007468
7132.170 -7231.920 -0.200957 0.591684 0.018829 0.000009790
7132.170 -6633.416 -0.200957 0.591684 0.018464 0.000007130
6832.918 -5735.661 -0.200957 0.591684 0.017063 0.000004112
5635.910 -8229.426 -0.200957 0.591684 0.018016 0.000003201
5336.658 -9127.182 -0.200957 0.591684 0.017902 0.000008474
5336.658 -9725.686 -0.200957 0.591684 0.018407 0.000013819
5935.162 -9725.686 -0.200957 0.591684 0.018554 0.000019500
5935.162 -9127.182 -0.200957 0.591684 0.017421 0.000013085
6533.666 -9127.182 -0.200957 0.591684 0.018410 0.000017701
6533.666 -9725.686 -0.200957 0.591684 0.018861 0.000018959
7132.170 -9725.686 -0.200957 0.591684 0.018154 0.000020003
7132.170 -9127.182 -0.200957 0.591684 0.018551 0.000010180
6832.918 -8229.426 -0.200957 0.591684 0.018829 0.000006029
8129.676 -8229.426 -0.200957 0.591684 0.017439 0.000004538
8129.676 -9426.434 -0.200957 0.591684 0.017350 0.000005340
9027.431 -9127.182 -0.200957 0.591684 0.017896 0.000012010
9027.431 -9725.686 -0.200957 0.591684 0.017708 0.000009545
9625.935 -9725.686 -0.200957 0.591684 0.018642 0.000010813
9625.935 -9127.182 -0.200957 0.591684 0.017384 0.000012741
9326.683 -8229.426 -0.200957 0.591684 0.016870 0.000004624
8129.676 -5735.661 -0.200957 0.591684 0.018281 0.000003989
8129.676 -6932.668 -0.200957 0.591684 0.017879 0.000005137
9326.683 -6932.668 -0.200957 0.591684 0.017970 0.000004242
9326.683 -5735.661 -0.200957 0.591684 0.017546 0.000004050
5635.910 -648.379 -0.200957 0.591684 0.017695 0.000002966
5635.910 -1945.137 -0.200957 0.591684 0.016913 0.000002660
6832.918 -1945.137 -0.200957 0.591684 0.017691 0.000003863
6832.918 -648.379 -0.200957 0.591684 0.016779 0.000003573
6234.414 -3840.399 -0.200957 0.591684 0.017480 0.000001677
8129.676 -3241.895 -0.200957 0.591684 0.017716 0.000003375
8129.676 -4438.903 -0.200957 0.591684 0.017987 0.000002898
9326.683 -4438.903 -0.200957 0.591684 0.017599 0.000005690
9326.683 -3241.895 -0.200957 0.591684 0.018094 0.000004558
8129.676 -648.379 -0.200957 0.591684 0.016750 0.000003580
8129.676 -1945.137 -0.200957 0.591684 0.016981 0.000004142
9326.683 -1945.137 -0.200957 0.591684 0.017538 0.000006566
9326.683 -648.379 -0.200957 0.591684 0.017869 0.000004400
349.127 -10423.940 -0.200957 0.591684 0.018042 0.000015572
349.127 -11022.444 -0.200957 0.591684 0.017910 0.000011076
947.631 -11022.444 -0.200957 0.591684 0.017899 0.000010258
947.631 -10423.940 -0.200957 0.591684 0.016946 0.000007864
648.379 -11920.200 -0.200957 0.591684 0.018472 0.000005269
1845.387 -11920.200 -0.200957 0.591684 0.018623 0.000004125
1845.387 -10723.192 -0.200957 0.591684 0.018038 0.000004759
648.379 -13216.958 -0.200957 0.591684 0.018440 0.000003705
648.379 -14413.965 -0.200957 0.591684 0.019359 0.000007132
1845.387 -14413.965 -0.200957 0.591684 0.019650 0.000005190
1845.387 -13216.958 -0.200957 0.591684 0.019377 0.000005952
3142.145 -13216.958 -0.200957 0.591684 0.017654 0.000003168
3142.145 -14413.965 -0.200957 0.591684 0.018297 0.000004207
4339.152 -14413.965 -0.200957 0.591684 0.017877 0.000005801
4339.152 -13216.958 -0.200957 0.591684 0.017832 0.000003760
3142.145 -10723.192 -0.200957 0.591684 0.017557 0.000006694
3142.145 -11920.200 -0.200957 0.591684 0.018299 0.000004465
4339.152 -11920.200 -0.200957 0.591684 0.018028 0.000004124
4339.152 -10723.192 -0.200957 0.591684 0.017873 0.000004798
149.626 -15211.970 -0.200957 0.591684 0.018382 0.000005816
149.626 -15610.973 -0.200957 0.591684 0.017673 0.000022013
548.628 -15610.973 -0.200957 0.591684 0.017627 0.000039899
548.628 -15211.970 -0.200957 0.591684 0.018481 0.000025656
349.127 -16009.975 -0.200957 0.591684 0.017588 0.000019165
947.631 -16009.975 -0.200957 0.591684 0.018774 0.000009834
947.631 -15411.471 -0.200957 0.591684 0.019186 0.000009733
349.127 -16608.479 -0.200957 0.591684 0.017562 0.000012309
349.127 -17206.983 -0.200957 0.591684 0.017563 0.000010617
947.631 -17206.983 -0.200957 0.591684 0.018583 0.000014412
947.631 -16608.479 -0.200957 0.591684 0.018611 0.000013462
1845.387 -16907.731 -0.200957 0.591684 0.019053 0.000005430
1845.387 -15710.723 -0.200957 0.591684 0.018585 0.000004376
648.379 -18204.489 -0.200957 0.591684 0.018131 0.000005193
648.379 -19401.496 -0.200957 0.591684 0.018531 0.000003997
1845.387 -19401.496 -0.200957 0.591684 0.018739 0.000003568
1845.387 -18204.489 -0.200957 0.591684 0.018424 0.000005912
3142.145 -18204.489 -0.200957 0.591684 0.017103 0.000004782
3142.145 -19401.496 -0.200957 0.591684 0.017257 0.000004806
4339.152 -19401.496 -0.200957 0.591684 0.017826 0.000006239
4339.152 -18204.489 -0.200957 0.591684 0.016821 0.000004909
3142.145 -15710.723 -0.200957 0.591684 0.018023 0.000003109
3142.145 -16907.731 -0.200957 0.591684 0.017701 0.000004839
4039.900 -16608.479 -0.200957 0.591684 0.017737 0.000009465
4039.900 -17206.983 -0.200957 0.591684 0.017286 0.000007176
4638.404 -17206.983 -0.200957 0.591684 0.016157 0.000010533
4638.404 -16608.479 -0.200957 0.591684 0.017095 0.000014585
4339.152 -15710.723 -0.200957 0.591684 0.017746 0.000003667
5635.910 -15710.723 -0.200957 0.591684 0.017268 0.000006110
5635.910 -16907.731 -0.200957 0.591684 0.016070 0.000006669
6832.918 -16907.731 -0.200957 0.591684 0.017365 0.000005414
6533.666 -15411.471 -0.200957 0.591684 0.017299 0.000008766
6533.666 -16009.975 -0.200957 0.591684 0.018225 0.000009891
7132.170 -16009.975 -0.200957 0.591684 0.017656 0.000009680
7132.170 -15411.471 -0.200957 0.591684 0.017987 0.000014301
5635.910 -18204.489 -0.200957 0.591684 0.016947 0.000005229
5635.910 -19401.496 -0.200957 0.591684 0.017560 0.000004381
6832.918 -19401.496 -0.200957 0.591684 0.017223 0.000003544
6832.918 -18204.489 -0.200957 0.591684 0.016813 0.000004707
8728.180 -18802.993 -0.200957 0.591684 0.018361 0.000001704
8129.676 -15710.723 -0.200957 0.591684 0.019010 0.000004600
8129.676 -16907.731 -0.200957 0.591684 0.017349 0.000004192
9326.683 -16907.731 -0.200957 0.591684 0.019183 0.000003617
9326.683 -15710.723 -0.200957 0.591684 0.019034 0.000006424
5336.658 -10423.940 -0.200957 0.591684 0.017728 0.000008388
5336.658 -11022.444 -0.200957 0.591684 0.017337 0.000010579
5935.162 -11022.444 -0.200957 0.591684 0.017433 0.000011372
5935.162 -10423.940 -0.200957 0.591684 0.017744 0.000019847
5635.910 -11920.200 -0.200957 0.591684 0.017574 0.000005615
6832.918 -11920.200 -0.200957 0.591684 0.016396 0.000005362
6533.666 -10423.940 -0.200957 0.591684 0.017129 0.000016268
6533.666 -11022.444 -0.200957 0.591684 0.016667 0.000013311
7132.170 -11022.444 -0.200957 0.591684 0.017550 0.000009093
7132.170 -10423.940 -0.200957 0.591684 0.017139 0.000011411
5635.910 -13216.958 -0.200957 0.591684 0.017641 0.000003544
5635.910 -14413.965 -0.200957 0.591684 0.017883 0.000004759
6832.918 -14413.965 -0.200957 0.591684 0.018698 0.000006119
6832.918 -13216.958 -0.200957 0.591684 0.017770 0.000004372
8129.676 -13216.958 -0.200957 0.591684 0.018000 0.000003456
8129.676 -14413.965 -0.200957 0.591684 0.018651 0.000003324
9326.683 -14413.965 -0.200957 0.591684 0.018595 0.000004554
9326.683 -13216.958 -0.200957 0.591684 0.017595 0.000004286
8129.676 -10723.192 -0.200957 0.591684 0.017467 0.000006001
8129.676 -11920.200 -0.200957 0.591684 0.018049 0.000005237
9326.683 -11920.200 -0.200957 0.591684 0.019213 0.000004430
9326.683 -10723.192 -0.200957 0.591684 0.018937 0.000006349
10623.441 -10723.192 -0.200957 0.591684 0.018867 0.000003694
10623.441 -11920.200 -0.200957 0.591684 0.018696 0.000007033
11820.449 -11920.200 -0.200957 0.591684 0.019025 0.000006348
11820.449 -10723.192 -0.200957 0.591684 0.018762 0.000004279
10324.190 -12917.706 -0.200957 0.591684 0.017876 0.000013193
10324.190 -13516.209 -0.200957 0.591684 0.018138 0.000012668
10922.693 -13516.209 -0.200957 0.591684 0.017593 0.000010927
10922.693 -12917.706 -0.200957 0.591684 0.017105 0.000007087
10623.441 -14413.965 -0.200957 0.591684 0.018397 0.000004252
11521.197 -14114.713 -0.200957 0.591684 0.018160 0.000009458
11521.197 -14713.217 -0.200957 0.591684 0.017573 0.000013560
12119.701 -14713.217 -0.200957 0.591684 0.017393 0.000010642
12119.701 -14114.713 -0.200957 0.591684 0.017327 0.000007338
11820.449 -13216.958 -0.200957 0.591684 0.017799 0.000006246
13117.207 -13216.958 -0.200957 0.591684 0.017779 0.000005667
13117.207 -14413.965 -0.200957 0.591684 0.018113 0.000008052
14314.214 -14413.965 -0.200957 0.591684 0.018706 0.000003552
14314.214 -13216.958 -0.200957 0.591684 0.018791 0.000006384
12817.955 -10423.940 -0.200957 0.591684 0.019161 0.000008417
12817.955 -11022.444 -0.200957 0.591684 0.019957 0.000011484
13416.459 -11022.444 -0.200957 0.591684 0.019934 0.000009055
13416.459 -10423.940 -0.200957 0.591684 0.019132 0.000008992
12817.955 -11620.948 -0.200957 0.591684 0.019805 0.000010551
12817.955 -12219.451 -0.200957 0.591684 0.018200 0.000016123
13416.459 -12219.451 -0.200957 0.591684 0.018221 0.000009746
13416.459 -11620.948 -0.200957 0.591684 0.018724 0.000014134
14314.214 -11920.200 -0.200957 0.591684 0.019153 0.000006012
14314.214 -10723.192 -0.200957 0.591684 0.019727 0.000003889
10324.190 -15411.471 -0.200957 0.591684 0.018274 0.000005866
10324.190 -16009.975 -0.200957 0.591684 0.019103 0.000012241
10922.693 -16009.975 -0.200957 0.591684 0.017271 0.000009647
10922.693 -15411.471 -0.200957 0.591684 0.017107 0.000009815
10623.441 -16907.731 -0.200957 0.591684 0.018205 0.000004930
11820.449 -16907.731 -0.200957 0.591684 0.017624 0.000005700
11820.449 -15710.723 -0.200957 0.591684 0.016878 0.000004760
10623.441 -18204.489 -0.200957 0.591684 0.017933 0.000005022
10623.441 -19401.496 -0.200957 0.591684 0.018793 0.000002728
11820.449 -19401.496 -0.200957 0.591684 0.018979 0.000005378
11820.449 -18204.489 -0.200957 0.591684 0.017205 0.000004125
13117.207 -18204.489 -0.200957 0.591684 0.016588 0.000007763
13117.207 -19401.496 -0.200957 0.591684 0.018614 0.000004331
14314.214 -19401.496 -0.200957 0.591684 0.020045 0.000004511
14314.214 -18204.489 -0.200957 0.591684 0.018967 0.000004778
13117.207 -15710.723 -0.200957 0.591684 0.017351 0.000003697
13117.207 -16907.731 -0.200957 0.591684 0.017217 0.000006671
14014.963 -16608.479 -0.200957 0.591684 0.017621 0.000007730
14014.963 -17206.983 -0.200957 0.591684 0.017655 0.000010908
14613.466 -17206.983 -0.200957 0.591684 0.018678 0.000006982
14613.466 -16608.479 -0.200957 0.591684 0.018147 0.000010692
14314.214 -15710.723 -0.200957 0.591684 0.019169 0.000004630
16209.476 -16309.227 -0.200957 0.591684 0.019072 0.000002110
15610.973 -18204.489 -0.200957 0.591684 0.018110 0.000004297
15610.973 -19401.496 -0.200957 0.591684 0.019426 0.000005308
16508.728 -19102.244 -0.200957 0.591684 0.018550 0.000004949
17107.232 -19102.244 -0.200957 0.591684 0.018958 0.000009608
16807.980 -18204.489 -0.200957 0.591684 0.017142 0.000003442
18104.738 -18204.489 -0.200957 0.591684 0.017685 0.000003797
18104.738 -19401.496 -0.200957 0.591684 0.018671 0.000003972
19301.746 -19401.496 -0.200957 0.591684 0.017813 0.000004175
19301.746 -18204.489 -0.200957 0.591684 0.017740 0.000003088
18104.738 -15710.723 -0.200957 0.591684 0.018695 0.000003171
18104.738 -16907.731 -0.200957 0.591684 0.017764 0.000002702
19301.746 -16907.731 -0.200957 0.591684 0.017962 0.000003055
19301.746 -15710.723 -0.200957 0.591684 0.018655 0.000003608
15610.973 -10723.192 -0.200957 0.591684 0.019696 0.000002336
15610.973 -11920.200 -0.200957 0.591684 0.019251 0.000006656
16807.980 -11920.200 -0.200957 0.591684 0.017774 0.000003954
16807.980 -10723.192 -0.200957 0.591684 0.018979 0.000003183
15610.973 -13216.958 -0.200957 0.591684 0.017559 0.000004269
15610.973 -14413.965 -0.200957 0.591684 0.018734 0.000004513
16807.980 -14413.965 -0.200957 0.591684 0.018306 0.000003562
16807.980 -13216.958 -0.200957 0.591684 0.018131 0.000003163
18703.242 -13815.461 -0.200957 0.591684 0.019001 0.000001365
18703.242 -11321.696 -0.200957 0.591684 0.017954 0.000001349
10623.441 -648.379 -0.200957 0.591684 0.017585 0.000003856
10324.190 -1645.885 -0.200957 0.591684 0.016688 0.000008443
10324.190 -2244.389 -0.200957 0.591684 0.016388 0.000007308
10922.693 -2244.389 -0.200957 0.591684 0.017072 0.000012913
10922.693 -1645.885 -0.200957 0.591684 0.017246 0.000008136
11820.449 -1945.137 -0.200957 0.591684 0.016428 0.000005062
11820.449 -648.379 -0.200957 0.591684 0.017653 0.000004228
10623.441 -3241.895 -0.200957 0.591684 0.017939 0.000004907
10623.441 -4438.903 -0.200957 0.591684 0.016246 0.000005175
11820.449 -4438.903 -0.200957 0.591684 0.017413 0.000005562
11820.449 -3241.895 -0.200957 0.591684 0.017827 0.000004299
13117.207 -3241.895 -0.200957 0.591684 0.018983 0.000003573
13117.207 -4438.903 -0.200957 0.591684 0.017347 0.000005503
14314.214 -4438.903 -0.200957 0.591684 0.019852 0.000004153
14314.214 -3241.895 -0.200957 0.591684 0.018985 0.000004821
13117.207 -648.379 -0.200957 0.591684 0.017848 0.000003968
13117.207 -1945.137 -0.200957 0.591684 0.016987 0.000002994
14314.214 -1945.137 -0.200957 0.591684 0.017438 0.000002650
14314.214 -648.379 -0.200957 0.591684 0.018015 0.000002984
10623.441 -5735.661 -0.200957 0.591684 0.016864 0.000006086
10623.441 -6932.668 -0.200957 0.591684 0.018208 0.000004532
11820.449 -6932.668 -0.200957 0.591684 0.017782 0.000003369
11820.449 -5735.661 -0.200957 0.591684 0.017684 0.000003447
10623.441 -8229.426 -0.200957 0.591684 0.018068 0.000003890
10623.441 -9426.434 -0.200957 0.591684 0.018910 0.000004837
11820.449 -9426.434 -0.200957 0.591684 0.019061 0.000003913
11820.449 -8229.426 -0.200957 0.591684 0.017851 0.000003443
13715.711 -8827.930 -0.200957 0.591684 0.018161 0.000001898
13117.207 -5735.661 -0.200957 0.591684 0.017969 0.000004026
13117.207 -6932.668 -0.200957 0.591684 0.018692 0.000003268
14314.214 -6932.668 -0.200957 0.591684 0.018513 0.000003837
14314.214 -5735.661 -0.200957 0.591684 0.019158 0.000004116
15311.721 -5436.409 -0.200957 0.591684 0.017945 0.000016820
15311.721 -6034.913 -0.200957 0.591684 0.018385 0.000012351
15910.224 -6034.913 -0.200957 0.591684 0.018392 0.000010241
15910.224 -5436.409 -0.200957 0.591684 0.017425 0.000006565
15610.973 -6932.668 -0.200957 0.591684 0.018545 0.000003476
16807.980 -6932.668 -0.200957 0.591684 0.017795 0.000003638
16807.980 -5735.661 -0.200957 0.591684 0.018325 0.000005637
16209.476 -8827.930 -0.200957 0.591684 0.018252 0.000002390
18104.738 -8229.426 -0.200957 0.591684 0.016475 0.000002606
18104.738 -9426.434 -0.200957 0.591684 0.017698 0.000003016
19301.746 -9426.434 -0.200957 0.591684 0.017504 0.000003446
19301.746 -8229.426 -0.200957 0.591684 0.017209 0.000003608
18703.242 -6334.165 -0.200957 0.591684 0.017580 0.000001696
16209.476 -1246.883 -0.200957 0.591684 0.017768 0.000001836
15610.973 -3241.895 -0.200957 0.591684 0.018422 0.000004785
15610.973 -4438.903 -0.200957 0.591684 0.018822 0.000005238
16807.980 -4438.903 -0.200957 0.591684 0.017435 0.000004253
16807.980 -3241.895 -0.200957 0.591684 0.017950 0.000003294
18104.738 -3241.895 -0.200957 0.591684 0.018170 0.000003580
18104.738 -4438.903 -0.200957 0.591684 0.018048 0.000003325
19301.746 -4438.903 -0.200957 0.591684 0.016219 0.000003331
19301.746 -3241.895 -0.200957 0.591684 0.017930 0.000002993
18104.738 -648.379 -0.200957 0.591684 0.017428 0.000002754
18104.738 -1945.137 -0.200957 0.591684 0.017584 0.000003484
19301.746 -1945.137 -0.200957 0.591684 0.017250 0.000006922
19002.494 -349.127 -0.200957 0.591684 0.018236 0.000007608
19002.494 -947.631 -0.200957 0.591684 0.017236 0.000009957
19600.998 -947.631 -0.200957 0.591684 0.017029 0.000011288
19600.998 -349.127 -0.200957 0.591684 0.018256 0.000005493
1246.883 18802.993 -0.200957 0.591684 0.018480 0.000001605
648.379 16807.980 -0.200957 0.591684 0.018235 0.000003556
648.379 15610.973 -0.200957 0.591684 0.018689 0.000005064
1845.387 15610.973 -0.200957 0.591684 0.017652 0.000004669
1845.387 16807.980 -0.200957 0.591684 0.018667 0.000003624
3142.145 16807.980 -0.200957 0.591684 0.017971 0.000005451
3142.145 15610.973 -0.200957 0.591684 0.017691 0.000003900
4339.152 15610.973 -0.200957 0.591684 0.017237 0.000003347
4339.152 16807.980 -0.200957 0.591684 0.017319 0.000003803
3142.145 19401.496 -0.200957 0.591684 0.017977 0.000004793
3142.145 18104.738 -0.200957 0.591684 0.018957 0.000004465
4339.152 18104.738 -0.200957 0.591684 0.018509 0.000003282
4039.900 19700.748 -0.200957 0.591684 0.018388 0.000018218
4039.900 19102.244 -0.200957 0.591684 0.018510 0.000007689
4638.404 19102.244 -0.200957 0.591684 0.018198 0.000017642
4638.404 19700.748 -0.200957 0.591684 0.019073 0.000018949
349.127 14613.466 -0.200957 0.591684 0.019320 0.000012031
349.127 14014.963 -0.200957 0.591684 0.017814 0.000009629
947.631 14014.963 -0.200957 0.591684 0.018694 0.000012617
947.631 14613.466 -0.200957 0.591684 0.018039 0.000017734
648.379 13117.207 -0.200957 0.591684 0.017456 0.000007978
1845.387 13117.207 -0.200957 0.591684 0.017902 0.000004874
1546.135 14613.466 -0.200957 0.591684 0.017383 0.000009033
1546.135 14014.963 -0.200957 0.591684 0.017668 0.000021439
2144.638 14014.963 -0.200957 0.591684 0.016307 0.000009238
2144.638 14613.466 -0.200957 0.591684 0.016956 0.000010630
648.379 11820.449 -0.200957 0.591684 0.016705 0.000003639
648.379 10623.441 -0.200957 0.591684 0.017610 0.000003223
1546.135 10922.693 -0.200957 0.591684 0.018285 0.000008313
1546.135 10324.190 -0.200957 0.591684 0.017312 0.000015181
2144.638 10324.190 -0.200957 0.591684 0.016637 0.000011905
2144.638 10922.693 -0.200957 0.591684 0.017688 0.000007331
1845.387 11820.449 -0.200957 0.591684 0.017424 0.000006043
3142.145 11820.449 -0.200957 0.591684 0.017259 0.000003483
3142.145 10623.441 -0.200957 0.591684 0.017479 0.000004438
4339.152 10623.441 -0.200957 0.591684 0.016935 0.000006146
4339.152 11820.449 -0.200957 0.591684 0.016946 0.000004107
3142.145 14314.214 -0.200957 0.591684 0.017185 0.000006802
3142.145 13117.207 -0.200957 0.591684 0.017524 0.000003075
4339.152 13117.207 -0.200957 0.591684 0.018432 0.000004060
4339.152 14314.214 -0.200957 0.591684 0.017705 0.000003430
5336.658 14613.466 -0.200957 0.591684 0.017344 0.000006101
5336.658 14014.963 -0.200957 0.591684 0.017245 0.000006827
5935.162 14014.963 -0.200957 0.591684 0.017016 0.000013839
5935.162 14613.466 -0.200957 0.591684 0.017628 0.000006976
5635.910 13117.207 -0.200957 0.591684 0.017576 0.000004434
6832.918 13117.207 -0.200957 0.591684 0.017140 0.000004070
6832.918 14314.214 -0.200957 0.591684 0.017251 0.000007395
5635.910 11820.449 -0.200957 0.591684 0.016632 0.000003995
5336.658 10922.693 -0.200957 0.591684 0.016616 0.000005946
5336.658 10324.190 -0.200957 0.591684 0.017179 0.000011311
5935.162 10324.190 -0.200957 0.591684 0.016397 0.000019559
5935.162 10922.693 -0.200957 0.591684 0.017472 0.000009716
6533.666 10922.693 -0.200957 0.591684 0.017333 0.000015366
6533.666 10324.190 -0.200957 0.591684 0.017548 0.000020420
7132.170 10324.190 -0.200957 0.591684 0.018951 0.000008528
7132.170 10922.693 -0.200957 0.591684 0.017453 0.000007362
6832.918 11820.449 -0.200957 0.591684 0.017872 0.000003537
8129.676 11820.449 -0.200957 0.591684 0.017494 0.000003590
8129.676 10623.441 -0.200957 0.591684 0.017962 0.000005411
9326.683 10623.441 -0.200957 0.591684 0.017735 0.000003841
9326.683 11820.449 -0.200957 0.591684 0.018256 0.000004566
8129.676 14314.214 -0.200957 0.591684 0.018259 0.000005108
8129.676 13117.207 -0.200957 0.591684 0.017570 0.000003603
9326.683 13117.207 -0.200957 0.591684 0.018420 0.000002925
9326.683 14314.214 -0.200957 0.591684 0.018060 0.000003371
5336.658 19700.748 -0.200957 0.591684 0.017968 0.000015252
5336.658 19102.244 -0.200957 0.591684 0.016855 0.000006636
5935.162 19102.244 -0.200957 0.591684 0.017549 0.000009086
5935.162 19700.748 -0.200957 0.591684 0.017577 0.000014931
5635.910 18104.738 -0.200957 0.591684 0.017996 0.000003376
6832.918 18104.738 -0.200957 0.591684 0.017583 0.000003206
6832.918 19401.496 -0.200957 0.591684 0.017567 0.000005189
6234.414 16209.476 -0.200957 0.591684 0.018160 0.000001633
8728.180 16209.476 -0.200957 0.591684 0.018283 0.000001575
8129.676 19401.496 -0.200957 0.591684 0.018867 0.000005318
8129.676 18104.738 -0.200957 0.591684 0.018278 0.000002590
9326.683 18104.738 -0.200957 0.591684 0.018878 0.000002300
9027.431 19700.748 -0.200957 0.591684 0.019012 0.000023367
9027.431 19102.244 -0.200957 0.591684 0.019261 0.000006925
9625.935 19102.244 -0.200957 0.591684 0.019732 0.000006173
9625.935 19700.748 -0.200957 0.591684 0.019703 0.000010225
648.379 9326.683 -0.200957 0.591684 0.017468 0.000006468
648.379 8129.676 -0.200957 0.591684 0.017819 0.000003101
1845.387 8129.676 -0.200957 0.591684 0.016904 0.000005016
1546.135 9625.935 -0.200957 0.591684 0.015932 0.000020348
1546.135 9027.431 -0.200957 0.591684 0.016686 0.000010648
2144.638 9027.431 -0.200957 0.591684 0.015688 0.000009904
2144.638 9625.935 -0.200957 0.591684 0.016254 0.000017963
1246.883 6234.414 -0.200957 0.591684 0.017052 0.000002250
3142.145 6832.918 -0.200957 0.591684 0.016091 0.000002652
3142.145 5635.910 -0.200957 0.591684 0.016122 0.000003377
4339.152 5635.910 -0.200957 0.591684 0.017213 0.000005877
4339.152 6832.918 -0.200957 0.591684 0.016546 0.000004344
3142.145 9326.683 -0.200957 0.591684 0.017374 0.000006911
3142.145 8129.676 -0.200957 0.591684 0.015526 0.000003074
4339.152 8129.676 -0.200957 0.591684 0.016684 0.000004095
4339.152 9326.683 -0.200957 0.591684 0.016722 0.000005429
1246.883 3740.648 -0.200957 0.591684 0.017075 0.000002245
648.379 1845.387 -0.200957 0.591684 0.018752 0.000007172
648.379 648.379 -0.200957 0.591684 0.018629 0.000004584
1845.387 648.379 -0.200957 0.591684 0.017622 0.000005043
1845.387 1845.387 -0.200957 0.591684 0.016372 0.000005380
3142.145 1845.387 -0.200957 0.591684 0.015439 0.000005060
3142.145 648.379 -0.200957 0.591684 0.017799 0.000005291
4339.152 648.379 -0.200957 0.591684 0.018256 0.000003714
4339.152 1845.387 -0.200957 0.591684 0.016854 0.000007053
3142.145 4339.152 -0.200957 0.591684 0.015593 0.000005620
3142.145 3142.145 -0.200957 0.591684 0.015436 0.000003700
4039.900 3441.397 -0.200957 0.591684 0.016981 0.000013154
4039.900 2842.893 -0.200957 0.591684 0.015506 0.000008804
4638.404 2842.893 -0.200957 0.591684 0.016799 0.000009069
4638.404 3441.397 -0.200957 0.591684 0.017981 0.000014775
3940.150 4837.905 -0.200957 0.591684 0.014521 0.000016961
3840.399 4538.653 -0.200957 0.591684 0.014013 0.000027798
3840.399 4339.152 -0.200957 0.591684 0.014044 0.000015118
4039.900 4339.152 -0.200957 0.591684 0.015005 0.000113749
4039.900 4538.653 -0.200957 0.591684 0.014625 0.000130004
4239.401 4438.903 -0.200957 0.591684 0.014738 0.000048116
4239.401 4837.905 -0.200957 0.591684 0.016677 0.000030287
4039.900 4039.900 -0.200957 0.591684 0.016111 0.000019236
4638.404 4039.900 -0.200957 0.591684 0.018204 0.000014700
4638.404 4638.404 -0.200957 0.591684 0.017572 0.000011725
5635.910 4339.152 -0.200957 0.591684 0.017196 0.000006108
5635.910 3142.145 -0.200957 0.591684 0.017768 0.000004774
6832.918 3142.145 -0.200957 0.591684 0.017322 0.000005316
6832.918 4339.152 -0.200957 0.591684 0.016247 0.000004321
5635.910 1845.387 -0.200957 0.591684 0.018071 0.000003777
5635.910 648.379 -0.200957 0.591684 0.018875 0.000003490
6832.918 648.379 -0.200957 0.591684 0.017288 0.000007394
6832.918 1845.387 -0.200957 0.591684 0.018480 0.000003889
8129.676 1845.387 -0.200957 0.591684 0.018829 0.000004562
8129.676 648.379 -0.200957 0.591684 0.017163 0.000004204
9326.683 648.379 -0.200957 0.591684 0.018276 0.000003418
9326.683 1845.387 -0.200957 0.591684 0.018223 0.000003465
8129.676 4339.152 -0.200957 0.591684 0.017052 0.000004242
8129.676 3142.145 -0.200957 0.591684 0.017591 0.000005566
9326.683 3142.145 -0.200957 0.591684 0.017830 0.000003036
9326.683 4339.152 -0.200957 0.591684 0.017439 0.000004197
5635.910 9326.683 -0.200957 0.591684 0.016506 0.000007401
5336.658 8428.928 -0.200957 0.591684 0.016565 0.000008911
5336.658 7830.424 -0.200957 0.591684 0.016007 0.000005430
5935.162 7830.424 -0.200957 0.591684 0.016776 0.000006947
5935.162 8428.928 -0.200957 0.591684 0.016915 0.000017417
6832.918 8129.676 -0.200957 0.591684 0.017342 0.000005352
6533.666 9625.935 -0.200957 0.591684 0.016206 0.000011368
6533.666 9027.431 -0.200957 0.591684 0.016223 0.000009233
7132.170 9027.431 -0.200957 0.591684 0.017992 0.000011491
7132.170 9625.935 -0.200957 0.591684 0.017219 0.000021661
5635.910 6832.918 -0.200957 0.591684 0.016646 0.000005383
5635.910 5635.910 -0.200957 0.591684 0.017103 0.000004184
6832.918 5635.910 -0.200957 0.591684 0.016355 0.000004301
6832.918 6832.918 -0.200957 0.591684 0.017178 0.000003890
8728.180 6234.414 -0.200957 0.591684 0.016846 0.000001932
8129.676 9326.683 -0.200957 0.591684 0.018312 0.000004555
8129.676 8129.676 -0.200957 0.591684 0.017059 0.000003989
9326.683 8129.676 -0.200957 0.591684 0.017513 0.000004232
9326.683 9326.683 -0.200957 0.591684 0.018911 0.000003793
10623.441 9326.683 -0.200957 0.591684 0.017508 0.000004320
10623.441 8129.676 -0.200957 0.591684 0.017623 0.000003165
11820.449 8129.676 -0.200957 0.591684 0.017076 0.000004487
11820.449 9326.683 -0.200957 0.591684 0.018436 0.000004699
10623.441 6832.918 -0.200957 0.591684 0.017279 0.000003479
10623.441 5635.910 -0.200957 0.591684 0.017601 0.000003882
11521.197 5935.162 -0.200957 0.591684 0.017057 0.000006574
11521.197 5336.658 -0.200957 0.591684 0.016870 0.000011251
12119.701 5336.658 -0.200957 0.591684 0.016809 0.000012877
12119.701 5935.162 -0.200957 0.591684 0.017487 0.000011047
11820.449 6832.918 -0.200957 0.591684 0.016206 0.000005442
12817.955 7132.170 -0.200957 0.591684 0.016805 0.000005611
12817.955 6533.666 -0.200957 0.591684 0.016333 0.000008811
13416.459 6533.666 -0.200957 0.591684 0.018395 0.000011196
13416.459 7132.170 -0.200957 0.591684 0.017544 0.000011034
13117.207 5635.910 -0.200957 0.591684 0.017007 0.000007525
14314.214 5635.910 -0.200957 0.591684 0.018744 0.000004280
14314.214 6832.918 -0.200957 0.591684 0.017832 0.000005033
13117.207 9326.683 -0.200957 0.591684 0.017805 0.000005825
13117.207 8129.676 -0.200957 0.591684 0.017310 0.000003875
14314.214 8129.676 -0.200957 0.591684 0.017211 0.000003826
14314.214 9326.683 -0.200957 0.591684 0.017842 0.000002724
10623.441 4339.152 -0.200957 0.591684 0.016952 0.000004220
10623.441 3142.145 -0.200957 0.591684 0.016986 0.000004519
11521.197 3441.397 -0.200957 0.591684 0.016060 0.000011800
11521.197 2842.893 -0.200957 0.591684 0.017440 0.000007028
12119.701 2842.893 -0.200957 0.591684 0.017533 0.000011236
12119.701 3441.397 -0.200957 0.591684 0.017914 0.000007572
11820.449 4339.152 -0.200957 0.591684 0.016618 0.000004681
11221.945 1246.883 -0.200957 0.591684 0.017534 0.000001951
12817.955 2144.638 -0.200957 0.591684 0.018137 0.000015073
12817.955 1546.135 -0.200957 0.591684 0.017986 0.000007916
13416.459 1546.135 -0.200957 0.591684 0.017167 0.000012136
13416.459 2144.638 -0.200957 0.591684 0.017664 0.000011904
13117.207 648.379 -0.200957 0.591684 0.017378 0.000005192
14314.214 648.379 -0.200957 0.591684 0.018619 0.000002960
14314.214 1845.387 -0.200957 0.591684 0.018062 0.000004414
13117.207 4339.152 -0.200957 0.591684 0.015907 0.000004635
13117.207 3142.145 -0.200957 0.591684 0.017099 0.000003400
14314.214 3142.145 -0.200957 0.591684 0.017993 0.000004639
14314.214 4339.152 -0.200957 0.591684 0.018023 0.000005875
15610.973 4339.152 -0.200957 0.591684 0.017825 0.000004309
15610.973 3142.145 -0.200957 0.591684 0.017656 0.000002723
16807.980 3142.145 -0.200957 0.591684 0.017243 0.000003099
16807.980 4339.152 -0.200957 0.591684 0.017926 0.000005538
16209.476 1246.883 -0.200957 0.591684 0.017767 0.000001553
18703.242 1246.883 -0.200957 0.591684 0.017963 0.000001672
18104.738 4339.152 -0.200957 0.591684 0.018931 0.000004401
18104.738 3142.145 -0.200957 0.591684 0.018214 0.000002888
19301.746 3142.145 -0.200957 0.591684 0.017972 0.000003010
19301.746 4339.152 -0.200957 0.591684 0.018528 0.000004222
15610.973 9326.683 -0.200957 0.591684 0.016539 0.000005951
15610.973 8129.676 -0.200957 0.591684 0.017816 0.000005236
16508.728 8428.928 -0.200957 0.591684 0.017329 0.000007543
16508.728 7830.424 -0.200957 0.591684 0.017017 0.000009408
17107.232 7830.424 -0.200957 0.591684 0.018126 0.000007527
17107.232 8428.928 -0.200957 0.591684 0.017404 0.000006110
16807.980 9326.683 -0.200957 0.591684 0.015997 0.000005212
15610.973 6832.918 -0.200957 0.591684 0.017924 0.000004580
15610.973 5635.910 -0.200957 0.591684 0.017936 0.000003420
16807.980 5635.910 -0.200957 0.591684 0.018555 0.000003749
16807.980 6832.918 -0.200957 0.591684 0.016847 0.000006316
18104.738 6832.918 -0.200957 0.591684 0.017389 0.000003693
18104.738 5635.910 -0.200957 0.591684 0.017488 0.000004268
19301.746 5635.910 -0.200957 0.591684 0.017940 0.000003807
19301.746 6832.918 -0.200957 0.591684 0.017599 0.000004038
18703.242 8728.180 -0.200957 0.591684 0.017233 0.000001542
11221.945 18802.993 -0.200957 0.591684 0.019525 0.000001946
10623.441 16807.980 -0.200957 0.591684 0.018507 0.000003221
10623.441 15610.973 -0.200957 0.591684 0.017885 0.000002918
11820.449 15610.973 -0.200957 0.591684 0.017920 0.000003064
11521.197 17107.232 -0.200957 0.591684 0.019842 0.000008323
11521.197 16508.728 -0.200957 0.591684 0.018452 0.000012575
12119.701 16508.728 -0.200957 0.591684 0.018303 0.000006964
12119.701 17107.232 -0.200957 0.591684 0.019889 0.000007412
13715.711 16209.476 -0.200957 0.591684 0.018595 0.000002099
13117.207 19401.496 -0.200957 0.591684 0.019317 0.000002036
13117.207 18104.738 -0.200957 0.591684 0.019167 0.000003680
14314.214 18104.738 -0.200957 0.591684 0.018847 0.000002527
14314.214 19401.496 -0.200957 0.591684 0.018584 0.000002779
10623.441 14314.214 -0.200957 0.591684 0.017511 0.000004622
10623.441 13117.207 -0.200957 0.591684 0.017583 0.000004443
11820.449 13117.207 -0.200957 0.591684 0.017394 0.000004823
11820.449 14314.214 -0.200957 0.591684 0.018236 0.000005720
10623.441 11820.449 -0.200957 0.591684 0.017556 0.000004021
10623.441 10623.441 -0.200957 0.591684 0.017399 0.000003759
11820.449 10623.441 -0.200957 0.591684 0.017281 0.000005668
11820.449 11820.449 -0.200957 0.591684 0.017863 0.000003749
12817.955 12119.701 -0.200957 0.591684 0.018485 0.000009410
12817.955 11521.197 -0.200957 0.591684 0.017982 0.000008646
13416.459 11521.197 -0.200957 0.591684 0.018404 0.000019067
13416.459 12119.701 -0.200957 0.591684 0.017926 0.000011396
12817.955 10922.693 -0.200957 0.591684 0.017255 0.000010101
12817.955 10324.190 -0.200957 0.591684 0.018390 0.000007743
13416.459 10324.190 -0.200957 0.591684 0.017084 0.000007338
13416.459 10922.693 -0.200957 0.591684 0.017569 0.000018587
14314.214 10623.441 -0.200957 0.591684 0.018445 0.000004783
14014.963 12119.701 -0.200957 0.591684 0.018765 0.000010927
14014.963 11521.197 -0.200957 0.591684 0.018486 0.000013244
14613.466 11521.197 -0.200957 0.591684 0.019076 0.000009245
14613.466 12119.701 -0.200957 0.591684 0.017372 0.000008919
13117.207 14314.214 -0.200957 0.591684 0.017632 0.000003098
13117.207 13117.207 -0.200957 0.591684 0.017885 0.000002920
14314.214 13117.207 -0.200957 0.591684 0.018766 0.000005961
14314.214 14314.214 -0.200957 0.591684 0.018240 0.000004599
15311.721 14613.466 -0.200957 0.591684 0.017982 0.000009803
15311.721 14014.963 -0.200957 0.591684 0.017270 0.000007492
15910.224 14014.963 -0.200957 0.591684 0.017509 0.000010977
15910.224 14613.466 -0.200957 0.591684 0.017260 0.000012415
15610.973 13117.207 -0.200957 0.591684 0.017553 0.000004041
16807.980 13117.207 -0.200957 0.591684 0.016915 0.000004643
16807.980 14314.214 -0.200957 0.591684 0.017702 0.000005136
15610.973 11820.449 -0.200957 0.591684 0.017894 0.000005554
15610.973 10623.441 -0.200957 0.591684 0.017930 0.000004876
16807.980 10623.441 -0.200957 0.591684 0.016203 0.000006798
16807.980 11820.449 -0.200957 0.591684 0.017329 0.000004075
18104.738 11820.449 -0.200957 0.591684 0.017508 0.000003032
18104.738 10623.441 -0.200957 0.591684 0.016639 0.000003705
19301.746 10623.441 -0.200957 0.591684 0.017355 0.000003796
19301.746 11820.449 -0.200957 0.591684 0.017327 0.000002882
18703.242 13715.711 -0.200957 0.591684 0.017527 0.000001792
16209.476 18802.993 -0.200957 0.591684 0.018405 0.000001708
15610.973 16807.980 -0.200957 0.591684 0.018849 0.000003335
15610.973 15610.973 -0.200957 0.591684 0.018640 0.000005259
16807.980 15610.973 -0.200957 0.591684 0.017599 0.000004638
16807.980 16807.980 -0.200957 0.591684 0.017728 0.000002824
18104.738 16807.980 -0.200957 0.591684 0.018653 0.000004956
18104.738 15610.973 -0.200957 0.591684 0.017864 0.000003535
19301.746 15610.973 -0.200957 0.591684 0.017324 0.000003351
19301.746 16807.980 -0.200957 0.591684 0.017179 0.000004978
18104.738 19401.496 -0.200957 0.591684 0.017633 0.000002394
18104.738 18104.738 -0.200957 0.591684 0.018633 0.000004241
19301.746 18104.738 -0.200957 0.591684 0.018038 0.000002868
19301.746 19401.496 -0.200957 0.591684 0.017409 0.000004650
