-19401.496 19401.496 -2.896548 0.643503 -0.009359 0.000004039
-19401.496 18104.738 -2.896548 0.643503 -0.010067 0.000003868
-18104.738 18104.738 -2.896548 0.643503 -0.009612 0.000004441
-18104.738 19401.496 -2.896548 0.643503 -0.010130 0.000004070
-18802.993 16209.476 -2.896548 0.643503 -0.009688 0.000001785
-16209.476 16209.476 -2.896548 0.643503 -0.009557 0.000001684
-16807.980 19401.496 -2.896548 0.643503 -0.009933 0.000004287
-16807.980 18104.738 -2.896548 0.643503 -0.009544 0.000004673
-15610.973 18104.738 -2.896548 0.643503 -0.009340 0.000003269
-15610.973 19401.496 -2.896548 0.643503 -0.010533 0.000003510
-19401.496 14314.214 -2.896548 0.643503 -0.010526 0.000003010
-19401.496 13117.207 -2.896548 0.643503 -0.010571 0.000004193
-18104.738 13117.207 -2.896548 0.643503 -0.009882 0.000003185
-18104.738 14314.214 -2.896548 0.643503 -0.010374 0.000002843
-19401.496 11820.449 -2.896548 0.643503 -0.009957 0.000005235
-19700.748 10922.693 -2.896548 0.643503 -0.010081 0.000011323
-19700.748 10324.190 -2.896548 0.643503 -0.009531 0.000013502
-19102.244 10324.190 -2.896548 0.643503 -0.010465 0.000007846
-19102.244 10922.693 -2.896548 0.643503 -0.010349 0.000007800
-18104.738 10623.441 -2.896548 0.643503 -0.010196 0.000004428
-18104.738 11820.449 -2.896548 0.643503 -0.010265 0.000004150
-17107.232 12119.701 -2.896548 0.643503 -0.009604 0.000010902
-17107.232 11521.197 -2.896548 0.643503 -0.010655 0.000008160
-16508.728 11521.197 -2.896548 0.643503 -0.010703 0.000008298
-16508.728 12119.701 -2.896548 0.643503 -0.009657 0.000009412
-16807.980 10623.441 -2.896548 0.643503 -0.009848 0.000005738
-15910.224 10922.693 -2.896548 0.643503 -0.010487 0.000009322
-15910.224 10324.190 -2.896548 0.643503 -0.010595 0.000009624
-15311.721 10324.190 -2.896548 0.643503 -0.010156 0.000008919
-15311.721 10922.693 -2.896548 0.643503 -0.010156 0.000011789
-15610.973 11820.449 -2.896548 0.643503 -0.009948 0.000005573
-16807.980 14314.214 -2.896548 0.643503 -0.009772 0.000002902
-16807.980 13117.207 -2.896548 0.643503 -0.009706 0.000004477
-15610.973 13117.207 -2.896548 0.643503 -0.009778 0.000004829
-15610.973 14314.214 -2.896548 0.643503 -0.009605 0.000002924
-14314.214 14314.214 -2.896548 0.643503 -0.009579 0.000005022
-14314.214 13117.207 -2.896548 0.643503 -0.009690 0.000004599
-13117.207 13117.207 -2.896548 0.643503 -0.010095 0.000004062
-13117.207 14314.214 -2.896548 0.643503 -0.010214 0.000004195
-14314.214 11820.449 -2.896548 0.643503 -0.010219 0.000004666
-14314.214 10623.441 -2.896548 0.643503 -0.009469 0.000004555
-13117.207 10623.441 -2.896548 0.643503 -0.009304 0.000003637
-13416.459 12119.701 -2.896548 0.643503 -0.010709 0.000007039
-13416.459 11521.197 -2.896548 0.643503 -0.010341 0.000013960
-12817.955 11521.197 -2.896548 0.643503 -0.010667 0.000008415
-12817.955 12119.701 -2.896548 0.643503 -0.010367 0.000007815
-11820.449 11820.449 -2.896548 0.643503 -0.009842 0.000004112
-11820.449 10623.441 -2.896548 0.643503 -0.009954 0.000005069
-10623.441 10623.441 -2.896548 0.643503 -0.009699 0.000003494
-10623.441 11820.449 -2.896548 0.643503 -0.009413 0.000004769
-12119.701 14613.466 -2.896548 0.643503 -0.010365 0.000015203
-12119.701 14014.963 -2.896548 0.643503 -0.010146 0.000008548
-11521.197 14014.963 -2.896548 0.643503 -0.009867 0.000013775
-11521.197 14613.466 -2.896548 0.643503 -0.011086 0.000007258
-11820.449 13117.207 -2.896548 0.643503 -0.009470 0.000006692
-10623.441 13117.207 -2.896548 0.643503 -0.008632 0.000004824
-10623.441 14314.214 -2.896548 0.643503 -0.009705 0.000004944
-14314.214 19401.496 -2.896548 0.643503 -0.010146 0.000003702
-14314.214 18104.738 -2.896548 0.643503 -0.008750 0.000005857
-13117.207 18104.738 -2.896548 0.643503 -0.009960 0.000003650
-13117.207 19401.496 -2.896548 0.643503 -0.009503 0.000003997
-14314.214 16807.980 -2.896548 0.643503 -0.008967 0.000005748
-14314.214 15610.973 -2.896548 0.643503 -0.009330 0.000003432
-13117.207 15610.973 -2.896548 0.643503 -0.009853 0.000004367
-13117.207 16807.980 -2.896548 0.643503 -0.009359 0.000004456
-11820.449 16807.980 -2.896548 0.643503 -0.010070 0.000004140
-11820.449 15610.973 -2.896548 0.643503 -0.010236 0.000006423
-10623.441 15610.973 -2.896548 0.643503 -0.010124 0.000003459
-10623.441 16807.980 -2.896548 0.643503 -0.009427 0.000004874
-12119.701 19700.748 -2.896548 0.643503 -0.009016 0.000010247
-12119.701 19102.244 -2.896548 0.643503 -0.009957 0.000008414
-11521.197 19102.244 -2.896548 0.643503 -0.010197 0.000013866
-11521.197 19700.748 -2.896548 0.643503 -0.008710 0.000010469
-11820.449 18104.738 -2.896548 0.643503 -0.011084 0.000005348
-10623.441 18104.738 -2.896548 0.643503 -0.009385 0.000004823
-10623.441 19401.496 -2.896548 0.643503 -0.009870 0.000004590
-19401.496 9326.683 -2.896548 0.643503 -0.010661 0.000004945
-19401.496 8129.676 -2.896548 0.643503 -0.010667 0.000004453
-18403.990 8428.928 -2.896548 0.643503 -0.011133 0.000007788
-18403.990 7830.424 -2.896548 0.643503 -0.010838 0.000016211
-17805.486 7830.424 -2.896548 0.643503 -0.011277 0.000009400
-17805.486 8428.928 -2.896548 0.643503 -0.011510 0.000007773
-18104.738 9326.683 -2.896548 0.643503 -0.011163 0.000003980
-19401.496 6832.918 -2.896548 0.643503 -0.010923 0.000003352
-19401.496 5635.910 -2.896548 0.643503 -0.010810 0.000004871
-18104.738 5635.910 -2.896548 0.643503 -0.009578 0.000003893
-18403.990 7132.170 -2.896548 0.643503 -0.011298 0.000016060
-18403.990 6533.666 -2.896548 0.643503 -0.010271 0.000007750
-17805.486 6533.666 -2.896548 0.643503 -0.010207 0.000009364
-17805.486 7132.170 -2.896548 0.643503 -0.010967 0.000014093
-16807.980 6832.918 -2.896548 0.643503 -0.010993 0.000005972
-16807.980 5635.910 -2.896548 0.643503 -0.009784 0.000007025
-15910.224 5935.162 -2.896548 0.643503 -0.009823 0.000010113
-15910.224 5336.658 -2.896548 0.643503 -0.010102 0.000015512
-15311.721 5336.658 -2.896548 0.643503 -0.011014 0.000016406
-15311.721 5935.162 -2.896548 0.643503 -0.010991 0.000010969
-15610.973 6832.918 -2.896548 0.643503 -0.011591 0.000006629
-16807.980 9326.683 -2.896548 0.643503 -0.009949 0.000005161
-16807.980 8129.676 -2.896548 0.643503 -0.011726 0.000007619
-15910.224 8428.928 -2.896548 0.643503 -0.010634 0.000012533
-15910.224 7830.424 -2.896548 0.643503 -0.012141 0.000009421
-15311.721 7830.424 -2.896548 0.643503 -0.010920 0.000008542
-15311.721 8428.928 -2.896548 0.643503 -0.009428 0.000015395
-15610.973 9326.683 -2.896548 0.643503 -0.009819 0.000007939
-19401.496 4339.152 -2.896548 0.643503 -0.009747 0.000004398
-19401.496 3142.145 -2.896548 0.643503 -0.009733 0.000003984
-18104.738 3142.145 -2.896548 0.643503 -0.010070 0.000004256
-18104.738 4339.152 -2.896548 0.643503 -0.009531 0.000003324
-19401.496 1845.387 -2.896548 0.643503 -0.009783 0.000004136
-19401.496 648.379 -2.896548 0.643503 -0.010198 0.000003707
-18104.738 648.379 -2.896548 0.643503 -0.010689 0.000004177
-18403.990 2144.638 -2.896548 0.643503 -0.010820 0.000007643
-18403.990 1546.135 -2.896548 0.643503 -0.010710 0.000009329
-17805.486 1546.135 -2.896548 0.643503 -0.010235 0.000008815
-17805.486 2144.638 -2.896548 0.643503 -0.010434 0.000006772
-16807.980 1845.387 -2.896548 0.643503 -0.011013 0.000004127
-16807.980 648.379 -2.896548 0.643503 -0.010120 0.000007094
-15610.973 648.379 -2.896548 0.643503 -0.009638 0.000005600
-15610.973 1845.387 -2.896548 0.643503 -0.010866 0.000003910
-16807.980 4339.152 -2.896548 0.643503 -0.009278 0.000005172
-16807.980 3142.145 -2.896548 0.643503 -0.009921 0.000003832
-15610.973 3142.145 -2.896548 0.643503 -0.010839 0.000004041
-15910.224 4638.404 -2.896548 0.643503 -0.008499 0.000014828
-15910.224 4039.900 -2.896548 0.643503 -0.009632 0.000011521
-15311.721 4039.900 -2.896548 0.643503 -0.010202 0.000010301
-15311.721 4638.404 -2.896548 0.643503 -0.008414 0.000009731
-14314.214 4339.152 -2.896548 0.643503 -0.009941 0.000007937
-14314.214 3142.145 -2.896548 0.643503 -0.010508 0.000003177
-13117.207 3142.145 -2.896548 0.643503 -0.010148 0.000004124
-13117.207 4339.152 -2.896548 0.643503 -0.010469 0.000003059
-14314.214 1845.387 -2.896548 0.643503 -0.010285 0.000005132
-14314.214 648.379 -2.896548 0.643503 -0.011023 0.000005284
-13117.207 648.379 -2.896548 0.643503 -0.012214 0.000007104
-13416.459 2144.638 -2.896548 0.643503 -0.010530 0.000008066
-13416.459 1546.135 -2.896548 0.643503 -0.011048 0.000007772
-12817.955 1546.135 -2.896548 0.643503 -0.011201 0.000018077
-12817.955 2144.638 -2.896548 0.643503 -0.010013 0.000005911
-11820.449 1845.387 -2.896548 0.643503 -0.010417 0.000004288
-12119.701 947.631 -2.896548 0.643503 -0.012032 0.000013032
-12119.701 349.127 -2.896548 0.643503 -0.011797 0.000013786
-11521.197 349.127 -2.896548 0.643503 -0.010974 0.000020573
-11521.197 947.631 -2.896548 0.643503 -0.011074 0.000012347
-10623.441 648.379 -2.896548 0.643503 -0.009790 0.000003654
-10922.693 2144.638 -2.896548 0.643503 -0.010887 0.000007189
-10922.693 1546.135 -2.896548 0.643503 -0.010007 0.000011415
-10324.190 1546.135 -2.896548 0.643503 -0.009652 0.000011862
-10324.190 2144.638 -2.896548 0.643503 -0.010941 0.000007958
-11221.945 3740.648 -2.896548 0.643503 -0.010634 0.000001634
-14314.214 9326.683 -2.896548 0.643503 -0.009633 0.000007143
-14314.214 8129.676 -2.896548 0.643503 -0.012019 0.000005497
-13117.207 8129.676 -2.896548 0.643503 -0.011869 0.000003953
-13117.207 9326.683 -2.896548 0.643503 -0.009917 0.000006369
-14314.214 6832.918 -2.896548 0.643503 -0.012189 0.000006432
-14613.466 5935.162 -2.896548 0.643503 -0.012485 0.000017443
-14613.466 5336.658 -2.896548 0.643503 -0.010431 0.000019334
-14014.963 5336.658 -2.896548 0.643503 -0.011305 0.000007931
-14014.963 5935.162 -2.896548 0.643503 -0.011983 0.000012355
-13117.207 5635.910 -2.896548 0.643503 -0.010504 0.000007089
-13117.207 6832.918 -2.896548 0.643503 -0.011320 0.000004344
-11820.449 6832.918 -2.896548 0.643503 -0.011104 0.000005837
-11820.449 5635.910 -2.896548 0.643503 -0.010250 0.000004052
-10623.441 5635.910 -2.896548 0.643503 -0.010757 0.000002481
-10623.441 6832.918 -2.896548 0.643503 -0.011005 0.000004081
-11820.449 9326.683 -2.896548 0.643503 -0.011100 0.000005479
-12119.701 8428.928 -2.896548 0.643503 -0.011622 0.000014800
-12119.701 7830.424 -2.896548 0.643503 -0.012068 0.000007853
-11521.197 7830.424 -2.896548 0.643503 -0.012028 0.000017207
-11521.197 8428.928 -2.896548 0.643503 -0.012186 0.000018074
-10922.693 8428.928 -2.896548 0.643503 -0.011289 0.000011141
-10922.693 7830.424 -2.896548 0.643503 -0.011261 0.000009570
-10324.190 7830.424 -2.896548 0.643503 -0.010776 0.000012070
-10324.190 8428.928 -2.896548 0.643503 -0.010032 0.000006402
-10623.441 9326.683 -2.896548 0.643503 -0.010587 0.000007234
-9326.683 9326.683 -2.896548 0.643503 -0.009706 0.000005342
-9326.683 8129.676 -2.896548 0.643503 -0.010149 0.000005236
-8129.676 8129.676 -2.896548 0.643503 -0.011221 0.000003798
-8129.676 9326.683 -2.896548 0.643503 -0.011425 0.000005087
-9326.683 6832.918 -2.896548 0.643503 -0.010495 0.000003938
-9326.683 5635.910 -2.896548 0.643503 -0.010670 0.000004555
-8129.676 5635.910 -2.896548 0.643503 -0.011780 0.000006817
-8129.676 6832.918 -2.896548 0.643503 -0.010574 0.000004008
-6832.918 6832.918 -2.896548 0.643503 -0.012808 0.000005501
-6832.918 5635.910 -2.896548 0.643503 -0.012386 0.000005041
-5635.910 5635.910 -2.896548 0.643503 -0.011323 0.000005537
-5635.910 6832.918 -2.896548 0.643503 -0.011769 0.000005173
-6832.918 9326.683 -2.896548 0.643503 -0.011735 0.000005020
-6832.918 8129.676 -2.896548 0.643503 -0.012101 0.000005915
-5935.162 8428.928 -2.896548 0.643503 -0.011551 0.000015080
-5935.162 7830.424 -2.896548 0.643503 -0.012002 0.000008797
-5336.658 7830.424 -2.896548 0.643503 -0.011239 0.000005553
-5336.658 8428.928 -2.896548 0.643503 -0.011186 0.000010501
-5635.910 9326.683 -2.896548 0.643503 -0.010743 0.000005557
-9326.683 4339.152 -2.896548 0.643503 -0.010927 0.000003670
-9625.935 3441.397 -2.896548 0.643503 -0.011376 0.000007021
-9625.935 2842.893 -2.896548 0.643503 -0.011772 0.000009161
-9027.431 2842.893 -2.896548 0.643503 -0.012070 0.000019164
-9027.431 3441.397 -2.896548 0.643503 -0.010858 0.000020975
-8428.928 3441.397 -2.896548 0.643503 -0.011288 0.000019453
-8428.928 2842.893 -2.896548 0.643503 -0.011528 0.000013955
-7830.424 2842.893 -2.896548 0.643503 -0.013347 0.000009216
-7830.424 3441.397 -2.896548 0.643503 -0.012531 0.000008781
-8129.676 4339.152 -2.896548 0.643503 -0.011798 0.000007172
-9625.935 2144.638 -2.896548 0.643503 -0.011111 0.000020342
-9625.935 1546.135 -2.896548 0.643503 -0.009051 0.000010181
-9027.431 1546.135 -2.896548 0.643503 -0.009899 0.000014437
-9027.431 2144.638 -2.896548 0.643503 -0.011059 0.000016861
-9326.683 648.379 -2.896548 0.643503 -0.010308 0.000005524
-8129.676 648.379 -2.896548 0.643503 -0.011684 0.000004739
-8428.928 2144.638 -2.896548 0.643503 -0.011017 0.000020926
-8428.928 1546.135 -2.896548 0.643503 -0.010985 0.000017295
-7830.424 1546.135 -2.896548 0.643503 -0.012061 0.000008736
-7830.424 2144.638 -2.896548 0.643503 -0.012660 0.000007275
-6832.918 1845.387 -2.896548 0.643503 -0.011243 0.000008436
-6832.918 648.379 -2.896548 0.643503 -0.010224 0.000005314
-5635.910 648.379 -2.896548 0.643503 -0.008566 0.000003684
-5635.910 1845.387 -2.896548 0.643503 -0.010100 0.000008943
-7132.170 4638.404 -2.896548 0.643503 -0.011574 0.000010837
-7132.170 4039.900 -2.896548 0.643503 -0.011521 0.000010011
-6533.666 4039.900 -2.896548 0.643503 -0.010864 0.000010443
-6633.416 4837.905 -2.896548 0.643503 -0.011798 0.000023478
-6633.416 4438.903 -2.896548 0.643503 -0.010850 0.000042538
-6433.915 4538.653 -2.896548 0.643503 -0.010739 0.000147754
-6433.915 4339.152 -2.896548 0.643503 -0.010365 0.000101001
-6234.414 4339.152 -2.896548 0.643503 -0.010725 0.000033176
-6234.414 4538.653 -2.896548 0.643503 -0.011420 0.000057742
-6334.165 4837.905 -2.896548 0.643503 -0.012147 0.000017362
-6832.918 3142.145 -2.896548 0.643503 -0.010807 0.000006991
-5635.910 3142.145 -2.896548 0.643503 -0.009611 0.000005837
-5635.910 4339.152 -2.896548 0.643503 -0.009630 0.000007029
-4339.152 4339.152 -2.896548 0.643503 -0.005911 0.000021359
-4638.404 3441.397 -2.896548 0.643503 -0.007566 0.000024986
-4638.404 2842.893 -2.896548 0.643503 -0.006909 0.000032215
-4039.900 2842.893 -2.896548 0.643503 0.002921 0.000086901
-4039.900 3441.397 -2.896548 0.643503 0.000718 0.000062368
-3441.397 3441.397 -2.896548 0.643503 0.012890 0.000134533
-3441.397 2842.893 -2.896548 0.643503 0.015664 0.000120338
-3042.394 3042.394 -2.896548 0.643503 0.023399 0.000332137
-3042.394 2842.893 -2.896548 0.643503 0.023799 0.000664550
-2842.893 2842.893 -2.896548 0.643503 0.034471 0.000897771
-2842.893 3042.394 -2.896548 0.643503 0.030759 0.000616153
-3042.394 2743.142 -2.896548 0.643503 0.024391 0.001278117
-3042.394 2543.641 -2.896548 0.643503 0.020778 0.000281468
-2842.893 2543.641 -2.896548 0.643503 0.034730 0.000601370
-2842.893 2743.142 -2.896548 0.643503 0.035138 0.001770391
-2743.142 2743.142 -2.896548 0.643503 0.040626 0.003053695
-2743.142 2543.641 -2.896548 0.643503 0.040225 0.001065751
-2543.641 2543.641 -2.896548 0.643503 0.043089 0.000241545
-2543.641 2743.142 -2.896548 0.643503 0.043546 0.001399072
-2743.142 3042.394 -2.896548 0.643503 0.036235 0.001164569
-2743.142 2842.893 -2.896548 0.643503 0.039877 0.001517324
-2543.641 2842.893 -2.896548 0.643503 0.042510 0.000551814
-2543.641 3042.394 -2.896548 0.643503 0.038608 0.000648368
-2842.893 3441.397 -2.896548 0.643503 0.027647 0.000197899
-3441.397 4638.404 -2.896548 0.643503 -0.000464 0.000039973
-3441.397 4039.900 -2.896548 0.643503 0.005703 0.000089449
-2842.893 4039.900 -2.896548 0.643503 0.018022 0.000116855
-2842.893 4638.404 -2.896548 0.643503 0.006290 0.000076368
-4638.404 2144.638 -2.896548 0.643503 -0.006449 0.000049545
-4638.404 1546.135 -2.896548 0.643503 -0.006441 0.000025541
-4039.900 1546.135 -2.896548 0.643503 0.000799 0.000048766
-4039.900 2144.638 -2.896548 0.643503 0.003103 0.000089690
-4339.152 648.379 -2.896548 0.643503 -0.004093 0.000017435
-3142.145 648.379 -2.896548 0.643503 0.004438 0.000032310
-3441.397 2144.638 -2.896548 0.643503 0.016473 0.000122363
-3441.397 1546.135 -2.896548 0.643503 0.009586 0.000085682
-2842.893 1546.135 -2.896548 0.643503 0.021291 0.000107072
-2842.893 2144.638 -2.896548 0.643503 0.032439 0.000140748
-2144.638 2144.638 -2.896548 0.643503 0.040875 0.000105556
-2144.638 1546.135 -2.896548 0.643503 0.030525 0.000107780
-1546.135 1546.135 -2.896548 0.643503 0.029648 0.000096090
-1546.135 2144.638 -2.896548 0.643503 0.039466 0.000089445
-2144.638 947.631 -2.896548 0.643503 0.017146 0.000073936
-2144.638 349.127 -2.896548 0.643503 0.006041 0.000041149
-1546.135 349.127 -2.896548 0.643503 0.008069 0.000048734
-1546.135 947.631 -2.896548 0.643503 0.018381 0.000087854
-947.631 947.631 -2.896548 0.643503 0.015428 0.000078480
-947.631 349.127 -2.896548 0.643503 0.007043 0.000048601
-349.127 349.127 -2.896548 0.643503 0.004260 0.000032339
-349.127 947.631 -2.896548 0.643503 0.010431 0.000052980
-947.631 2144.638 -2.896548 0.643503 0.030849 0.000085430
-947.631 1546.135 -2.896548 0.643503 0.024240 0.000082510
-349.127 1546.135 -2.896548 0.643503 0.016733 0.000079338
-349.127 2144.638 -2.896548 0.643503 0.020624 0.000077239
-2144.638 4638.404 -2.896548 0.643503 0.013229 0.000092308
-2144.638 4039.900 -2.896548 0.643503 0.025134 0.000110229
-1546.135 4039.900 -2.896548 0.643503 0.026104 0.000082555
-1546.135 4638.404 -2.896548 0.643503 0.013297 0.000070705
-2344.140 3541.147 -2.896548 0.643503 0.027215 0.000185027
-2344.140 3241.895 -2.896548 0.643503 0.036744 0.000316165
-2044.888 3341.646 -2.896548 0.643503 0.043755 0.001161775
-2044.888 3142.145 -2.896548 0.643503 0.045399 0.000423709
-1845.387 3142.145 -2.896548 0.643503 0.045108 0.000299204
-1845.387 3341.646 -2.896548 0.643503 0.043525 0.000746452
-2044.888 3640.898 -2.896548 0.643503 0.030295 0.000386545
-2044.888 3441.397 -2.896548 0.643503 0.038753 0.000596058
-1845.387 3441.397 -2.896548 0.643503 0.038986 0.000479664
-1845.387 3640.898 -2.896548 0.643503 0.029116 0.000223539
-2344.140 2942.643 -2.896548 0.643503 0.045360 0.000310647
-2344.140 2643.392 -2.896548 0.643503 0.047299 0.000225112
-2044.888 2743.142 -2.896548 0.643503 0.050442 0.000285762
-2044.888 2543.641 -2.896548 0.643503 0.049982 0.000104454
-1845.387 2543.641 -2.896548 0.643503 0.049918 0.000063253
-1845.387 2743.142 -2.896548 0.643503 0.050073 0.000280213
-2044.888 3042.394 -2.896548 0.643503 0.048713 0.000798591
-2044.888 2842.893 -2.896548 0.643503 0.049840 0.000230000
-1845.387 2842.893 -2.896548 0.643503 0.049280 0.000203628
-1845.387 3042.394 -2.896548 0.643503 0.048296 0.000534778
-1546.135 2842.893 -2.896548 0.643503 0.042367 0.000070297
-1546.135 3441.397 -2.896548 0.643503 0.033065 0.000098307
-947.631 3441.397 -2.896548 0.643503 0.029157 0.000101470
-947.631 2842.893 -2.896548 0.643503 0.033499 0.000074128
-349.127 2842.893 -2.896548 0.643503 0.022392 0.000076705
-349.127 3441.397 -2.896548 0.643503 0.017958 0.000075321
-648.379 4339.152 -2.896548 0.643503 0.011040 0.000040547
-4339.152 9326.683 -2.896548 0.643503 -0.010090 0.000006382
-4339.152 8129.676 -2.896548 0.643503 -0.010972 0.000005268
-3441.397 8428.928 -2.896548 0.643503 -0.010223 0.000012347
-3441.397 7830.424 -2.896548 0.643503 -0.011632 0.000007859
-2842.893 7830.424 -2.896548 0.643503 -0.011164 0.000012334
-2842.893 8428.928 -2.896548 0.643503 -0.009907 0.000013558
-3142.145 9326.683 -2.896548 0.643503 -0.009389 0.000005150
-4339.152 6832.918 -2.896548 0.643503 -0.010716 0.000008141
-4339.152 5635.910 -2.896548 0.643503 -0.008098 0.000010238
-3142.145 5635.910 -2.896548 0.643503 -0.004390 0.000016168
-3142.145 6832.918 -2.896548 0.643503 -0.009148 0.000009304
-1845.387 6832.918 -2.896548 0.643503 -0.007051 0.000012220
-2144.638 5935.162 -2.896548 0.643503 -0.003524 0.000026409
-2144.638 5336.658 -2.896548 0.643503 0.001565 0.000046944
-1546.135 5336.658 -2.896548 0.643503 0.004661 0.000038244
-1546.135 5935.162 -2.896548 0.643503 -0.001740 0.000023575
-648.379 5635.910 -2.896548 0.643503 -0.000354 0.000011660
-648.379 6832.918 -2.896548 0.643503 -0.004876 0.000007804
-2144.638 9625.935 -2.896548 0.643503 -0.009608 0.000008818
-2144.638 9027.431 -2.896548 0.643503 -0.009427 0.000006766
-1546.135 9027.431 -2.896548 0.643503 -0.008639 0.000011761
-1546.135 9625.935 -2.896548 0.643503 -0.008698 0.000015191
-1845.387 8129.676 -2.896548 0.643503 -0.009080 0.000006602
-648.379 8129.676 -2.896548 0.643503 -0.007268 0.000004932
-648.379 9326.683 -2.896548 0.643503 -0.006884 0.000004124
-9326.683 19401.496 -2.896548 0.643503 -0.010031 0.000004066
-9326.683 18104.738 -2.896548 0.643503 -0.010097 0.000004397
-8129.676 18104.738 -2.896548 0.643503 -0.011425 0.000005428
-8129.676 19401.496 -2.896548 0.643503 -0.011029 0.000005271
-9326.683 16807.980 -2.896548 0.643503 -0.009609 0.000003798
-9326.683 15610.973 -2.896548 0.643503 -0.009523 0.000003578
-8129.676 15610.973 -2.896548 0.643503 -0.009943 0.000004522
-8129.676 16807.980 -2.896548 0.643503 -0.010123 0.000004395
-6832.918 16807.980 -2.896548 0.643503 -0.011100 0.000003675
-6832.918 15610.973 -2.896548 0.643503 -0.010341 0.000004840
-5635.910 15610.973 -2.896548 0.643503 -0.009494 0.000004681
-5635.910 16807.980 -2.896548 0.643503 -0.010434 0.000002692
-6832.918 19401.496 -2.896548 0.643503 -0.009881 0.000007208
-6832.918 18104.738 -2.896548 0.643503 -0.011459 0.000004301
-5635.910 18104.738 -2.896548 0.643503 -0.010380 0.000003543
-5935.162 19700.748 -2.896548 0.643503 -0.008899 0.000008691
-5935.162 19102.244 -2.896548 0.643503 -0.010264 0.000010696
-5336.658 19102.244 -2.896548 0.643503 -0.009963 0.000008849
-5336.658 19700.748 -2.896548 0.643503 -0.009970 0.000016782
-9326.683 14314.214 -2.896548 0.643503 -0.009316 0.000003436
-9326.683 13117.207 -2.896548 0.643503 -0.009131 0.000005238
-8129.676 13117.207 -2.896548 0.643503 -0.010468 0.000005482
-8129.676 14314.214 -2.896548 0.643503 -0.010411 0.000003929
-9625.935 12119.701 -2.896548 0.643503 -0.010231 0.000011165
-9625.935 11521.197 -2.896548 0.643503 -0.008724 0.000018120
-9027.431 11521.197 -2.896548 0.643503 -0.008731 0.000023404
-9027.431 12119.701 -2.896548 0.643503 -0.009159 0.000013057
-9625.935 10922.693 -2.896548 0.643503 -0.008066 0.000017472
-9625.935 10324.190 -2.896548 0.643503 -0.008736 0.000009477
-9027.431 10324.190 -2.896548 0.643503 -0.009843 0.000011185
-9027.431 10922.693 -2.896548 0.643503 -0.009073 0.000018143
-8129.676 10623.441 -2.896548 0.643503 -0.010854 0.000007778
-8428.928 12119.701 -2.896548 0.643503 -0.010078 0.000015287
-8428.928 11521.197 -2.896548 0.643503 -0.009822 0.000010273
-7830.424 11521.197 -2.896548 0.643503 -0.011276 0.000008322
-7830.424 12119.701 -2.896548 0.643503 -0.010906 0.000008644
-6832.918 11820.449 -2.896548 0.643503 -0.010003 0.000007051
-6832.918 10623.441 -2.896548 0.643503 -0.010668 0.000005971
-5935.162 10922.693 -2.896548 0.643503 -0.009209 0.000015229
-5935.162 10324.190 -2.896548 0.643503 -0.009862 0.000011563
-5336.658 10324.190 -2.896548 0.643503 -0.010053 0.000010534
-5336.658 10922.693 -2.896548 0.643503 -0.009250 0.000013537
-5935.162 12119.701 -2.896548 0.643503 -0.009953 0.000008687
-5935.162 11521.197 -2.896548 0.643503 -0.009520 0.000007853
-5336.658 11521.197 -2.896548 0.643503 -0.008006 0.000012721
-5336.658 12119.701 -2.896548 0.643503 -0.010412 0.000013680
-6832.918 14314.214 -2.896548 0.643503 -0.009647 0.000004218
-6832.918 13117.207 -2.896548 0.643503 -0.010366 0.000004470
-5635.910 13117.207 -2.896548 0.643503 -0.009395 0.000006677
-5635.910 14314.214 -2.896548 0.643503 -0.008708 0.000002797
-4339.152 14314.214 -2.896548 0.643503 -0.008777 0.000004004
-4339.152 13117.207 -2.896548 0.643503 -0.010449 0.000004903
-3142.145 13117.207 -2.896548 0.643503 -0.009668 0.000004863
-3142.145 14314.214 -2.896548 0.643503 -0.009617 0.000006489
-4339.152 11820.449 -2.896548 0.643503 -0.008603 0.000005769
-4339.152 10623.441 -2.896548 0.643503 -0.010343 0.000008020
-3441.397 10922.693 -2.896548 0.643503 -0.009513 0.000007764
-3441.397 10324.190 -2.896548 0.643503 -0.009922 0.000008224
-2842.893 10324.190 -2.896548 0.643503 -0.010278 0.000009634
-2842.893 10922.693 -2.896548 0.643503 -0.009595 0.000010942
-3142.145 11820.449 -2.896548 0.643503 -0.008438 0.000005676
-2144.638 12119.701 -2.896548 0.643503 -0.008009 0.000013701
-2144.638 11521.197 -2.896548 0.643503 -0.008521 0.000010363
-1546.135 11521.197 -2.896548 0.643503 -0.008222 0.000015731
-1546.135 12119.701 -2.896548 0.643503 -0.008320 0.000016320
-1845.387 10623.441 -2.896548 0.643503 -0.009506 0.000007156
-648.379 10623.441 -2.896548 0.643503 -0.008297 0.000003548
-947.631 12119.701 -2.896548 0.643503 -0.007701 0.000022161
-947.631 11521.197 -2.896548 0.643503 -0.008431 0.000017892
-349.127 11521.197 -2.896548 0.643503 -0.008270 0.000011329
-349.127 12119.701 -2.896548 0.643503 -0.007581 0.000011732
-1845.387 14314.214 -2.896548 0.643503 -0.009454 0.000004317
-2144.638 13416.459 -2.896548 0.643503 -0.010790 0.000007519
-2144.638 12817.955 -2.896548 0.643503 -0.010031 0.000014043
-1546.135 12817.955 -2.896548 0.643503 -0.009823 0.000010358
-1546.135 13416.459 -2.896548 0.643503 -0.009435 0.000011357
-648.379 13117.207 -2.896548 0.643503 -0.008991 0.000003586
-648.379 14314.214 -2.896548 0.643503 -0.009255 0.000002416
-4339.152 19401.496 -2.896548 0.643503 -0.010307 0.000004760
-4339.152 18104.738 -2.896548 0.643503 -0.010244 0.000004230
-3142.145 18104.738 -2.896548 0.643503 -0.009047 0.000004574
-3142.145 19401.496 -2.896548 0.643503 -0.009483 0.000003939
-4339.152 16807.980 -2.896548 0.643503 -0.010700 0.000003920
-4339.152 15610.973 -2.896548 0.643503 -0.010093 0.000004054
-3441.397 15910.224 -2.896548 0.643503 -0.010596 0.000013145
-3441.397 15311.721 -2.896548 0.643503 -0.010418 0.000016618
-2842.893 15311.721 -2.896548 0.643503 -0.010766 0.000008369
-2842.893 15910.224 -2.896548 0.643503 -0.010346 0.000009104
-3142.145 16807.980 -2.896548 0.643503 -0.010294 0.000005226
-1246.883 16209.476 -2.896548 0.643503 -0.009408 0.000002385
-2144.638 19700.748 -2.896548 0.643503 -0.010603 0.000010115
-2144.638 19102.244 -2.896548 0.643503 -0.010096 0.000008434
-1546.135 19102.244 -2.896548 0.643503 -0.009727 0.000014551
-1546.135 19700.748 -2.896548 0.643503 -0.010558 0.000016947
-2144.638 18403.990 -2.896548 0.643503 -0.009826 0.000011663
-2144.638 17805.486 -2.896548 0.643503 -0.010000 0.000005867
-1546.135 17805.486 -2.896548 0.643503 -0.009892 0.000008763
-1546.135 18403.990 -2.896548 0.643503 -0.009855 0.000016657
-648.379 18104.738 -2.896548 0.643503 -0.009761 0.000003591
-648.379 19401.496 -2.896548 0.643503 -0.008956 0.000003640
-19401.496 -648.379 -2.896548 0.643503 -0.009903 0.000004080
-19401.496 -1945.137 -2.896548 0.643503 -0.010938 0.000004463
-18104.738 -1945.137 -2.896548 0.643503 -0.010070 0.000004729
-18403.990 -349.127 -2.896548 0.643503 -0.010995 0.000007119
-18403.990 -947.631 -2.896548 0.643503 -0.010990 0.000006487
-17805.486 -947.631 -2.896548 0.643503 -0.009691 0.000012309
-17905.237 -149.626 -2.896548 0.643503 -0.010375 0.000020341
-17905.237 -548.628 -2.896548 0.643503 -0.010315 0.000043815
-17705.736 -448.878 -2.896548 0.643503 -0.009446 0.000112797
-17705.736 -648.379 -2.896548 0.643503 -0.008792 0.000119265
-17506.234 -648.379 -2.896548 0.643503 -0.009111 0.000016007
-17506.234 -448.878 -2.896548 0.643503 -0.009131 0.000037042
-17605.985 -149.626 -2.896548 0.643503 -0.009718 0.000018231
-19401.496 -3241.895 -2.896548 0.643503 -0.009911 0.000004107
-19401.496 -4438.903 -2.896548 0.643503 -0.010165 0.000006318
-18104.738 -4438.903 -2.896548 0.643503 -0.009624 0.000004849
-18104.738 -3241.895 -2.896548 0.643503 -0.009640 0.000003668
-16807.980 -3241.895 -2.896548 0.643503 -0.010536 0.000004980
-16807.980 -4438.903 -2.896548 0.643503 -0.010697 0.000004253
-15910.224 -4139.651 -2.896548 0.643503 -0.010125 0.000014534
-15910.224 -4738.155 -2.896548 0.643503 -0.010404 0.000012675
-15311.721 -4738.155 -2.896548 0.643503 -0.009637 0.000006441
-15311.721 -4139.651 -2.896548 0.643503 -0.009902 0.000013767
-15910.224 -2942.643 -2.896548 0.643503 -0.011354 0.000009325
-15910.224 -3541.147 -2.896548 0.643503 -0.010405 0.000012497
-15311.721 -3541.147 -2.896548 0.643503 -0.010614 0.000014433
-15411.471 -2743.142 -2.896548 0.643503 -0.011300 0.000026986
-15511.222 -3042.394 -2.896548 0.643503 -0.011938 0.000092470
-15511.222 -3241.895 -2.896548 0.643503 -0.011477 0.000062367
-15311.721 -3241.895 -2.896548 0.643503 -0.012691 0.000156296
-15311.721 -3042.394 -2.896548 0.643503 -0.012316 0.000129197
-15112.219 -3142.145 -2.896548 0.643503 -0.011887 0.000026762
-15112.219 -2743.142 -2.896548 0.643503 -0.011745 0.000015300
-16807.980 -648.379 -2.896548 0.643503 -0.008624 0.000005534
-16807.980 -1945.137 -2.896548 0.643503 -0.009481 0.000005013
-15910.224 -1645.885 -2.896548 0.643503 -0.009357 0.000011937
-15910.224 -2244.389 -2.896548 0.643503 -0.010964 0.000010008
-15311.721 -2244.389 -2.896548 0.643503 -0.012148 0.000015866
-15311.721 -1645.885 -2.896548 0.643503 -0.011019 0.000010417
-15610.973 -648.379 -2.896548 0.643503 -0.009044 0.000005783
-19401.496 -5735.661 -2.896548 0.643503 -0.009806 0.000003903
-19700.748 -6633.416 -2.896548 0.643503 -0.009669 0.000016759
-19700.748 -7231.920 -2.896548 0.643503 -0.009558 0.000012302
-19102.244 -7231.920 -2.896548 0.643503 -0.008521 0.000011821
-19102.244 -6633.416 -2.896548 0.643503 -0.010172 0.000008241
-18104.738 -6932.668 -2.896548 0.643503 -0.010286 0.000006082
-18104.738 -5735.661 -2.896548 0.643503 -0.009861 0.000004483
-19700.748 -7930.175 -2.896548 0.643503 -0.010406 0.000015904
-19700.748 -8528.678 -2.896548 0.643503 -0.010828 0.000010317
-19102.244 -8528.678 -2.896548 0.643503 -0.011141 0.000014117
-19102.244 -7930.175 -2.896548 0.643503 -0.010208 0.000019334
-19401.496 -9426.434 -2.896548 0.643503 -0.010599 0.000004626
-18403.990 -9127.182 -2.896548 0.643503 -0.010092 0.000014380
-18403.990 -9725.686 -2.896548 0.643503 -0.011030 0.000013433
-17805.486 -9725.686 -2.896548 0.643503 -0.009481 0.000014697
-17805.486 -9127.182 -2.896548 0.643503 -0.009352 0.000013784
-18403.990 -7930.175 -2.896548 0.643503 -0.009943 0.000017095
-18403.990 -8528.678 -2.896548 0.643503 -0.010703 0.000019954
-17805.486 -8528.678 -2.896548 0.643503 -0.010333 0.000013352
-17805.486 -7930.175 -2.896548 0.643503 -0.010222 0.000008968
-16807.980 -8229.426 -2.896548 0.643503 -0.010289 0.000005106
-16807.980 -9426.434 -2.896548 0.643503 -0.009420 0.000007078
-15610.973 -9426.434 -2.896548 0.643503 -0.010406 0.000004156
-15610.973 -8229.426 -2.896548 0.643503 -0.011097 0.000004356
-16807.980 -5735.661 -2.896548 0.643503 -0.010417 0.000005283
-16807.980 -6932.668 -2.896548 0.643503 -0.009996 0.000004374
-15610.973 -6932.668 -2.896548 0.643503 -0.010886 0.000003533
-15610.973 -5735.661 -2.896548 0.643503 -0.010858 0.000003592
-14314.214 -5735.661 -2.896548 0.643503 -0.011295 0.000005406
-14314.214 -6932.668 -2.896548 0.643503 -0.011343 0.000004406
-13117.207 -6932.668 -2.896548 0.643503 -0.010853 0.000004900
-13117.207 -5735.661 -2.896548 0.643503 -0.010731 0.000004779
-14314.214 -8229.426 -2.896548 0.643503 -0.010216 0.000004766
-14314.214 -9426.434 -2.896548 0.643503 -0.010358 0.000005230
-13117.207 -9426.434 -2.896548 0.643503 -0.009893 0.000004438
-13117.207 -8229.426 -2.896548 0.643503 -0.010004 0.000004531
-11221.945 -8827.930 -2.896548 0.643503 -0.009254 0.000001618
-12119.701 -5436.409 -2.896548 0.643503 -0.009822 0.000010291
-12119.701 -6034.913 -2.896548 0.643503 -0.010364 0.000006689
-11521.197 -6034.913 -2.896548 0.643503 -0.010538 0.000012664
-11521.197 -5436.409 -2.896548 0.643503 -0.009419 0.000014759
-11820.449 -6932.668 -2.896548 0.643503 -0.009522 0.000003460
-10623.441 -6932.668 -2.896548 0.643503 -0.009824 0.000003678
-10922.693 -5436.409 -2.896548 0.643503 -0.009447 0.000013835
-10922.693 -6034.913 -2.896548 0.643503 -0.009624 0.000012457
-10324.190 -6034.913 -2.896548 0.643503 -0.008935 0.000015860
-10324.190 -5436.409 -2.896548 0.643503 -0.008593 0.000008000
-14613.466 -349.127 -2.896548 0.643503 -0.010125 0.000009743
-14613.466 -947.631 -2.896548 0.643503 -0.009843 0.000007281
-14014.963 -947.631 -2.896548 0.643503 -0.011194 0.000012821
-14114.713 -149.626 -2.896548 0.643503 -0.011360 0.000021949
-14114.713 -548.628 -2.896548 0.643503 -0.010053 0.000034099
-13815.461 -548.628 -2.896548 0.643503 -0.010279 0.000030115
-13815.461 -149.626 -2.896548 0.643503 -0.010117 0.000017033
-14314.214 -1945.137 -2.896548 0.643503 -0.010911 0.000003923
-13117.207 -1945.137 -2.896548 0.643503 -0.011292 0.000004240
-13117.207 -648.379 -2.896548 0.643503 -0.010498 0.000006716
-14314.214 -3241.895 -2.896548 0.643503 -0.010818 0.000004510
-14314.214 -4438.903 -2.896548 0.643503 -0.009756 0.000004968
-13117.207 -4438.903 -2.896548 0.643503 -0.009814 0.000004494
-13117.207 -3241.895 -2.896548 0.643503 -0.010844 0.000006324
-12119.701 -2942.643 -2.896548 0.643503 -0.010302 0.000006847
-12119.701 -3541.147 -2.896548 0.643503 -0.009837 0.000014260
-11521.197 -3541.147 -2.896548 0.643503 -0.010946 0.000010370
-11521.197 -2942.643 -2.896548 0.643503 -0.010030 0.000010461
-11820.449 -4438.903 -2.896548 0.643503 -0.009358 0.000005470
-10623.441 -4438.903 -2.896548 0.643503 -0.009478 0.000007120
-10623.441 -3241.895 -2.896548 0.643503 -0.010423 0.000004646
-12119.701 -349.127 -2.896548 0.643503 -0.011434 0.000016021
-12119.701 -947.631 -2.896548 0.643503 -0.010457 0.000009047
-11521.197 -947.631 -2.896548 0.643503 -0.011089 0.000008946
-11521.197 -349.127 -2.896548 0.643503 -0.011874 0.000015394
-11820.449 -1945.137 -2.896548 0.643503 -0.010086 0.000007026
-10623.441 -1945.137 -2.896548 0.643503 -0.010143 0.000004370
-10623.441 -648.379 -2.896548 0.643503 -0.009837 0.000005614
-19401.496 -10723.192 -2.896548 0.643503 -0.010400 0.000005435
-19401.496 -11920.200 -2.896548 0.643503 -0.010609 0.000003893
-18104.738 -11920.200 -2.896548 0.643503 -0.010267 0.000004645
-18403.990 -10423.940 -2.896548 0.643503 -0.010967 0.000013185
-18403.990 -11022.444 -2.896548 0.643503 -0.009680 0.000008590
-17805.486 -11022.444 -2.896548 0.643503 -0.009855 0.000007306
-17805.486 -10423.940 -2.896548 0.643503 -0.010282 0.000012724
-19401.496 -13216.958 -2.896548 0.643503 -0.010501 0.000003766
-19401.496 -14413.965 -2.896548 0.643503 -0.011190 0.000004651
-18104.738 -14413.965 -2.896548 0.643503 -0.011546 0.000004126
-18104.738 -13216.958 -2.896548 0.643503 -0.011175 0.000004483
-16807.980 -13216.958 -2.896548 0.643503 -0.010922 0.000005667
-17107.232 -14114.713 -2.896548 0.643503 -0.010601 0.000009275
-17107.232 -14713.217 -2.896548 0.643503 -0.011094 0.000005062
-16508.728 -14713.217 -2.896548 0.643503 -0.011326 0.000006682
-16508.728 -14114.713 -2.896548 0.643503 -0.011197 0.000009370
-15610.973 -14413.965 -2.896548 0.643503 -0.010781 0.000003365
-15610.973 -13216.958 -2.896548 0.643503 -0.011173 0.000003295
-16807.980 -10723.192 -2.896548 0.643503 -0.010203 0.000005771
-16807.980 -11920.200 -2.896548 0.643503 -0.010232 0.000005155
-15610.973 -11920.200 -2.896548 0.643503 -0.011329 0.000003692
-15610.973 -10723.192 -2.896548 0.643503 -0.010324 0.000003939
-19700.748 -15411.471 -2.896548 0.643503 -0.010875 0.000013603
-19700.748 -16009.975 -2.896548 0.643503 -0.009512 0.000020100
-19102.244 -16009.975 -2.896548 0.643503 -0.009813 0.000008265
-19102.244 -15411.471 -2.896548 0.643503 -0.011268 0.000011452
-19401.496 -16907.731 -2.896548 0.643503 -0.009625 0.000005361
-18104.738 -16907.731 -2.896548 0.643503 -0.010021 0.000003651
-18104.738 -15710.723 -2.896548 0.643503 -0.010535 0.000003184
-19700.748 -17905.237 -2.896548 0.643503 -0.009792 0.000007641
-19700.748 -18503.741 -2.896548 0.643503 -0.009005 0.000015837
-19102.244 -18503.741 -2.896548 0.643503 -0.009601 0.000013136
-19102.244 -17905.237 -2.896548 0.643503 -0.010354 0.000006918
-19401.496 -19401.496 -2.896548 0.643503 -0.008149 0.000004562
-18104.738 -19401.496 -2.896548 0.643503 -0.009812 0.000005496
-18104.738 -18204.489 -2.896548 0.643503 -0.010265 0.000005287
-16807.980 -18204.489 -2.896548 0.643503 -0.010001 0.000003813
-16807.980 -19401.496 -2.896548 0.643503 -0.010136 0.000003175
-15910.224 -19102.244 -2.896548 0.643503 -0.009932 0.000008283
-15311.721 -19102.244 -2.896548 0.643503 -0.011090 0.000005829
-15610.973 -18204.489 -2.896548 0.643503 -0.011287 0.000003127
-16209.476 -16309.227 -2.896548 0.643503 -0.011117 0.000001464
-14314.214 -15710.723 -2.896548 0.643503 -0.010939 0.000002684
-14314.214 -16907.731 -2.896548 0.643503 -0.010818 0.000003377
-13117.207 -16907.731 -2.896548 0.643503 -0.010003 0.000002744
-13117.207 -15710.723 -2.896548 0.643503 -0.011083 0.000003344
-13715.711 -18802.993 -2.896548 0.643503 -0.010626 0.000002241
-11820.449 -18204.489 -2.896548 0.643503 -0.009138 0.000003235
-11820.449 -19401.496 -2.896548 0.643503 -0.009439 0.000002348
-10922.693 -19102.244 -2.896548 0.643503 -0.008003 0.000008222
-10324.190 -19102.244 -2.896548 0.643503 -0.007245 0.000006352
-10623.441 -18204.489 -2.896548 0.643503 -0.008302 0.000004036
-11820.449 -15710.723 -2.896548 0.643503 -0.011190 0.000005598
-11820.449 -16907.731 -2.896548 0.643503 -0.009703 0.000005918
-10623.441 -16907.731 -2.896548 0.643503 -0.009686 0.000005778
-10922.693 -15411.471 -2.896548 0.643503 -0.011505 0.000010514
-10922.693 -16009.975 -2.896548 0.643503 -0.010187 0.000009663
-10324.190 -16009.975 -2.896548 0.643503 -0.010044 0.000014243
-10324.190 -15411.471 -2.896548 0.643503 -0.010378 0.000006325
-14314.214 -10723.192 -2.896548 0.643503 -0.009572 0.000003730
-14314.214 -11920.200 -2.896548 0.643503 -0.009706 0.000004359
-13117.207 -11920.200 -2.896548 0.643503 -0.009051 0.000003981
-13117.207 -10723.192 -2.896548 0.643503 -0.009389 0.000005432
-14314.214 -13216.958 -2.896548 0.643503 -0.009723 0.000005733
-14314.214 -14413.965 -2.896548 0.643503 -0.010138 0.000003600
-13117.207 -14413.965 -2.896548 0.643503 -0.010419 0.000004864
-13117.207 -13216.958 -2.896548 0.643503 -0.009017 0.000004602
-11820.449 -13216.958 -2.896548 0.643503 -0.010045 0.000005951
-12119.701 -14114.713 -2.896548 0.643503 -0.010620 0.000007030
-12119.701 -14713.217 -2.896548 0.643503 -0.010182 0.000009969
-11521.197 -14713.217 -2.896548 0.643503 -0.011273 0.000010878
-11521.197 -14114.713 -2.896548 0.643503 -0.010783 0.000006572
-10623.441 -14413.965 -2.896548 0.643503 -0.010352 0.000005186
-10623.441 -13216.958 -2.896548 0.643503 -0.008484 0.000007580
-12319.202 -10224.439 -2.896548 0.643503 -0.010256 0.000012067
-12319.202 -10623.441 -2.896548 0.643503 -0.010274 0.000020291
-12019.950 -10523.691 -2.896548 0.643503 -0.009954 0.000118892
-12019.950 -10723.192 -2.896548 0.643503 -0.009397 0.000085058
-11820.449 -10723.192 -2.896548 0.643503 -0.009983 0.000064668
-11820.449 -10523.691 -2.896548 0.643503 -0.009506 0.000057706
-11920.200 -10224.439 -2.896548 0.643503 -0.009275 0.000006490
-12119.701 -11022.444 -2.896548 0.643503 -0.009441 0.000008344
-11521.197 -11022.444 -2.896548 0.643503 -0.008934 0.000014965
-11521.197 -10423.940 -2.896548 0.643503 -0.009934 0.000009886
-11820.449 -11920.200 -2.896548 0.643503 -0.009198 0.000006305
-10623.441 -11920.200 -2.896548 0.643503 -0.007777 0.000004098
-10623.441 -10723.192 -2.896548 0.643503 -0.009051 0.000005599
-9326.683 -10723.192 -2.896548 0.643503 -0.009449 0.000005168
-9326.683 -11920.200 -2.896548 0.643503 -0.008646 0.000005828
-8129.676 -11920.200 -2.896548 0.643503 -0.010115 0.000004742
-8129.676 -10723.192 -2.896548 0.643503 -0.009409 0.000005765
-9825.436 -12718.204 -2.896548 0.643503 -0.008103 0.000009348
-9825.436 -13117.207 -2.896548 0.643503 -0.007698 0.000023324
-9426.434 -13117.207 -2.896548 0.643503 -0.006998 0.000029470
-9426.434 -12718.204 -2.896548 0.643503 -0.007428 0.000022194
-9625.935 -13516.209 -2.896548 0.643503 -0.008972 0.000008423
-9027.431 -13516.209 -2.896548 0.643503 -0.010120 0.000012256
-9027.431 -12917.706 -2.896548 0.643503 -0.009755 0.000012289
-9326.683 -14413.965 -2.896548 0.643503 -0.010136 0.000004309
-8129.676 -14413.965 -2.896548 0.643503 -0.011368 0.000004974
-8129.676 -13216.958 -2.896548 0.643503 -0.010701 0.000004480
-7132.170 -12917.706 -2.896548 0.643503 -0.010078 0.000013038
-7132.170 -13516.209 -2.896548 0.643503 -0.010143 0.000018183
-6533.666 -13516.209 -2.896548 0.643503 -0.008144 0.000009919
-6533.666 -12917.706 -2.896548 0.643503 -0.008918 0.000011801
-7132.170 -14114.713 -2.896548 0.643503 -0.011446 0.000023215
-7132.170 -14713.217 -2.896548 0.643503 -0.010384 0.000013230
-6533.666 -14713.217 -2.896548 0.643503 -0.009491 0.000006358
-6533.666 -14114.713 -2.896548 0.643503 -0.009192 0.000013320
-5635.910 -14413.965 -2.896548 0.643503 -0.009714 0.000003586
-5635.910 -13216.958 -2.896548 0.643503 -0.009683 0.000005847
-6832.918 -10723.192 -2.896548 0.643503 -0.009337 0.000005259
-7132.170 -11620.948 -2.896548 0.643503 -0.010469 0.000007698
-7132.170 -12219.451 -2.896548 0.643503 -0.010948 0.000011318
-6533.666 -12219.451 -2.896548 0.643503 -0.010746 0.000014389
-6533.666 -11620.948 -2.896548 0.643503 -0.009734 0.000011540
-5635.910 -11920.200 -2.896548 0.643503 -0.010735 0.000004973
-5635.910 -10723.192 -2.896548 0.643503 -0.009738 0.000004138
-9326.683 -15710.723 -2.896548 0.643503 -0.010696 0.000004448
-9326.683 -16907.731 -2.896548 0.643503 -0.009523 0.000006101
-8129.676 -16907.731 -2.896548 0.643503 -0.009830 0.000004272
-8129.676 -15710.723 -2.896548 0.643503 -0.010259 0.000004313
-9326.683 -18204.489 -2.896548 0.643503 -0.008763 0.000004389
-9326.683 -19401.496 -2.896548 0.643503 -0.009182 0.000007338
-8129.676 -19401.496 -2.896548 0.643503 -0.010098 0.000003123
-8129.676 -18204.489 -2.896548 0.643503 -0.010068 0.000003999
-6234.414 -18802.993 -2.896548 0.643503 -0.009504 0.000001063
-6832.918 -15710.723 -2.896548 0.643503 -0.009472 0.000005699
-6832.918 -16907.731 -2.896548 0.643503 -0.009434 0.000003508
-5635.910 -16907.731 -2.896548 0.643503 -0.008947 0.000003615
-5635.910 -15710.723 -2.896548 0.643503 -0.008530 0.000004117
-4339.152 -15710.723 -2.896548 0.643503 -0.009970 0.000003998
-4339.152 -16907.731 -2.896548 0.643503 -0.009581 0.000003291
-3142.145 -16907.731 -2.896548 0.643503 -0.009859 0.000003352
-3142.145 -15710.723 -2.896548 0.643503 -0.010207 0.000004639
-3740.648 -18802.993 -2.896548 0.643503 -0.009882 0.000001232
-1246.883 -18802.993 -2.896548 0.643503 -0.009912 0.000001688
-1845.387 -15710.723 -2.896548 0.643503 -0.009703 0.000004434
-2144.638 -16608.479 -2.896548 0.643503 -0.010585 0.000009797
-2144.638 -17206.983 -2.896548 0.643503 -0.009990 0.000004989
-1546.135 -17206.983 -2.896548 0.643503 -0.010908 0.000010528
-1546.135 -16608.479 -2.896548 0.643503 -0.010409 0.000009278
-648.379 -16907.731 -2.896548 0.643503 -0.011464 0.000004428
-648.379 -15710.723 -2.896548 0.643503 -0.010262 0.000004917
-4339.152 -10723.192 -2.896548 0.643503 -0.010008 0.000007327
-4339.152 -11920.200 -2.896548 0.643503 -0.010524 0.000005850
-3142.145 -11920.200 -2.896548 0.643503 -0.009881 0.000004595
-3142.145 -10723.192 -2.896548 0.643503 -0.009210 0.000006788
-4339.152 -13216.958 -2.896548 0.643503 -0.009667 0.000004991
-4339.152 -14413.965 -2.896548 0.643503 -0.009910 0.000003749
-3142.145 -14413.965 -2.896548 0.643503 -0.010701 0.000004159
-3142.145 -13216.958 -2.896548 0.643503 -0.009670 0.000004668
-1845.387 -13216.958 -2.896548 0.643503 -0.008875 0.000004701
-1845.387 -14413.965 -2.896548 0.643503 -0.009794 0.000005554
-648.379 -14413.965 -2.896548 0.643503 -0.009455 0.000004099
-648.379 -13216.958 -2.896548 0.643503 -0.009098 0.000002609
-2144.638 -10423.940 -2.896548 0.643503 -0.009065 0.000011886
-2144.638 -11022.444 -2.896548 0.643503 -0.010958 0.000014842
-1546.135 -11022.444 -2.896548 0.643503 -0.008620 0.000007352
-1546.135 -10423.940 -2.896548 0.643503 -0.008247 0.000006193
-1845.387 -11920.200 -2.896548 0.643503 -0.009565 0.000003809
-648.379 -11920.200 -2.896548 0.643503 -0.009420 0.000003591
-648.379 -10723.192 -2.896548 0.643503 -0.008923 0.000005109
-9625.935 -349.127 -2.896548 0.643503 -0.010348 0.000011494
-9625.935 -947.631 -2.896548 0.643503 -0.009703 0.000009929
-9027.431 -947.631 -2.896548 0.643503 -0.009853 0.000019203
-9027.431 -349.127 -2.896548 0.643503 -0.010571 0.000012424
-9625.935 -1645.885 -2.896548 0.643503 -0.009859 0.000010655
-9625.935 -2244.389 -2.896548 0.643503 -0.009444 0.000012635
-9027.431 -2244.389 -2.896548 0.643503 -0.008731 0.000009460
-9027.431 -1645.885 -2.896548 0.643503 -0.009996 0.000008813
-8129.676 -1945.137 -2.896548 0.643503 -0.010499 0.000005158
-8428.928 -349.127 -2.896548 0.643503 -0.011421 0.000013076
-8428.928 -947.631 -2.896548 0.643503 -0.010907 0.000016898
-7830.424 -947.631 -2.896548 0.643503 -0.010961 0.000008141
-7830.424 -349.127 -2.896548 0.643503 -0.010857 0.000008436
-9326.683 -3241.895 -2.896548 0.643503 -0.009225 0.000006453
-9625.935 -4139.651 -2.896548 0.643503 -0.009706 0.000008455
-9625.935 -4738.155 -2.896548 0.643503 -0.009531 0.000026799
-9027.431 -4738.155 -2.896548 0.643503 -0.010591 0.000012200
-9027.431 -4139.651 -2.896548 0.643503 -0.009319 0.000010370
-8129.676 -4438.903 -2.896548 0.643503 -0.009863 0.000005335
-8129.676 -3241.895 -2.896548 0.643503 -0.009545 0.000005008
-7132.170 -2942.643 -2.896548 0.643503 -0.010316 0.000013299
-7132.170 -3541.147 -2.896548 0.643503 -0.010437 0.000015419
-6533.666 -3541.147 -2.896548 0.643503 -0.008600 0.000022049
-6533.666 -2942.643 -2.896548 0.643503 -0.008060 0.000013755
-7132.170 -4139.651 -2.896548 0.643503 -0.011409 0.000016603
-7132.170 -4738.155 -2.896548 0.643503 -0.009928 0.000006599
-6533.666 -4738.155 -2.896548 0.643503 -0.009797 0.000008773
-6533.666 -4139.651 -2.896548 0.643503 -0.010356 0.000011345
-5635.910 -4438.903 -2.896548 0.643503 -0.009100 0.000005425
-5635.910 -3241.895 -2.896548 0.643503 -0.008194 0.000004422
-6832.918 -648.379 -2.896548 0.643503 -0.010186 0.000003633
-7132.170 -1645.885 -2.896548 0.643503 -0.010351 0.000009731
-7132.170 -2244.389 -2.896548 0.643503 -0.010840 0.000009948
-6533.666 -2244.389 -2.896548 0.643503 -0.010430 0.000026913
-6533.666 -1645.885 -2.896548 0.643503 -0.010310 0.000011707
-5935.162 -1645.885 -2.896548 0.643503 -0.010099 0.000007656
-5935.162 -2244.389 -2.896548 0.643503 -0.009323 0.000016026
-5336.658 -2244.389 -2.896548 0.643503 -0.008959 0.000009840
-5336.658 -1645.885 -2.896548 0.643503 -0.009571 0.000012546
-5635.910 -648.379 -2.896548 0.643503 -0.009492 0.000007083
-9625.935 -5436.409 -2.896548 0.643503 -0.009928 0.000015178
-9625.935 -6034.913 -2.896548 0.643503 -0.009613 0.000009659
-9027.431 -6034.913 -2.896548 0.643503 -0.009880 0.000012018
-9027.431 -5436.409 -2.896548 0.643503 -0.010514 0.000010997
-9326.683 -6932.668 -2.896548 0.643503 -0.010055 0.000004838
-8129.676 -6932.668 -2.896548 0.643503 -0.010260 0.000003973
-8129.676 -5735.661 -2.896548 0.643503 -0.010132 0.000004910
-9326.683 -8229.426 -2.896548 0.643503 -0.009764 0.000002930
-9326.683 -9426.434 -2.896548 0.643503 -0.009638 0.000004489
-8129.676 -9426.434 -2.896548 0.643503 -0.008877 0.000003132
-8129.676 -8229.426 -2.896548 0.643503 -0.010023 0.000003632
-6832.918 -8229.426 -2.896548 0.643503 -0.008680 0.000003948
-6832.918 -9426.434 -2.896548 0.643503 -0.008460 0.000003963
-5635.910 -9426.434 -2.896548 0.643503 -0.009115 0.000004283
-5635.910 -8229.426 -2.896548 0.643503 -0.008779 0.000003943
-6832.918 -5735.661 -2.896548 0.643503 -0.010483 0.000005339
-7132.170 -6633.416 -2.896548 0.643503 -0.010364 0.000006410
-7132.170 -7231.920 -2.896548 0.643503 -0.009710 0.000007596
-6533.666 -7231.920 -2.896548 0.643503 -0.008455 0.000010445
-6533.666 -6633.416 -2.896548 0.643503 -0.009806 0.000012233
-5635.910 -6932.668 -2.896548 0.643503 -0.010730 0.000005999
-5635.910 -5735.661 -2.896548 0.643503 -0.010697 0.000005222
-4339.152 -5735.661 -2.896548 0.643503 -0.010410 0.000003310
-4339.152 -6932.668 -2.896548 0.643503 -0.009469 0.000004589
-3142.145 -6932.668 -2.896548 0.643503 -0.010129 0.000005189
-3142.145 -5735.661 -2.896548 0.643503 -0.009748 0.000004559
-4339.152 -8229.426 -2.896548 0.643503 -0.009593 0.000003720
-4339.152 -9426.434 -2.896548 0.643503 -0.009204 0.000004689
-3142.145 -9426.434 -2.896548 0.643503 -0.008931 0.000005458
-3142.145 -8229.426 -2.896548 0.643503 -0.010337 0.000004010
-1845.387 -8229.426 -2.896548 0.643503 -0.009701 0.000005079
-1845.387 -9426.434 -2.896548 0.643503 -0.008284 0.000006723
-648.379 -9426.434 -2.896548 0.643503 -0.007810 0.000004781
-648.379 -8229.426 -2.896548 0.643503 -0.008891 0.000004163
-1845.387 -5735.661 -2.896548 0.643503 -0.010711 0.000006055
-1845.387 -6932.668 -2.896548 0.643503 -0.011005 0.000004687
-648.379 -6932.668 -2.896548 0.643503 -0.009629 0.000004694
-648.379 -5735.661 -2.896548 0.643503 -0.009148 0.000005688
-4339.152 -648.379 -2.896548 0.643503 -0.007054 0.000006232
-4339.152 -1945.137 -2.896548 0.643503 -0.007548 0.000006845
-3441.397 -1645.885 -2.896548 0.643503 -0.006050 0.000009833
-3441.397 -2244.389 -2.896548 0.643503 -0.006955 0.000013822
-2842.893 -2244.389 -2.896548 0.643503 -0.006571 0.000015193
-2842.893 -1645.885 -2.896548 0.643503 -0.004747 0.000017420
-3142.145 -648.379 -2.896548 0.643503 -0.002325 0.000015914
-4339.152 -3241.895 -2.896548 0.643503 -0.008309 0.000005642
-4339.152 -4438.903 -2.896548 0.643503 -0.009623 0.000003024
-3142.145 -4438.903 -2.896548 0.643503 -0.010094 0.000005534
-3142.145 -3241.895 -2.896548 0.643503 -0.009680 0.000006808
-2144.638 -2942.643 -2.896548 0.643503 -0.007759 0.000009984
-2144.638 -3541.147 -2.896548 0.643503 -0.008729 0.000016655
-1546.135 -3541.147 -2.896548 0.643503 -0.007379 0.000011705
-1546.135 -2942.643 -2.896548 0.643503 -0.006573 0.000006521
-1845.387 -4438.903 -2.896548 0.643503 -0.009330 0.000005114
-648.379 -4438.903 -2.896548 0.643503 -0.007978 0.000004432
-648.379 -3241.895 -2.896548 0.643503 -0.006988 0.000006059
-1845.387 -648.379 -2.896548 0.643503 0.000043 0.000013127
-1845.387 -1945.137 -2.896548 0.643503 -0.004215 0.000011640
-648.379 -1945.137 -2.896548 0.643503 -0.004290 0.000006988
-648.379 -648.379 -2.896548 0.643503 -0.000051 0.000010843
648.379 -648.379 -2.896548 0.643503 -0.000352 0.000009715
648.379 -1945.137 -2.896548 0.643503 -0.004702 0.000008686
1845.387 -1945.137 -2.896548 0.643503 -0.005238 0.000005791
1845.387 -648.379 -2.896548 0.643503 -0.003405 0.000005802
648.379 -3241.895 -2.896548 0.643503 -0.006396 0.000004790
349.127 -4139.651 -2.896548 0.643503 -0.006849 0.000009591
349.127 -4738.155 -2.896548 0.643503 -0.008104 0.000009999
947.631 -4738.155 -2.896548 0.643503 -0.007188 0.000020702
947.631 -4139.651 -2.896548 0.643503 -0.006995 0.000009033
1546.135 -4139.651 -2.896548 0.643503 -0.006679 0.000015013
1546.135 -4738.155 -2.896548 0.643503 -0.007674 0.000016022
2144.638 -4738.155 -2.896548 0.643503 -0.008356 0.000015019
2144.638 -4139.651 -2.896548 0.643503 -0.007780 0.000007947
1845.387 -3241.895 -2.896548 0.643503 -0.006585 0.000006407
2842.893 -2942.643 -2.896548 0.643503 -0.006970 0.000009340
2842.893 -3541.147 -2.896548 0.643503 -0.008100 0.000009092
3441.397 -3541.147 -2.896548 0.643503 -0.007895 0.000014247
3441.397 -2942.643 -2.896548 0.643503 -0.007459 0.000014050
3142.145 -4438.903 -2.896548 0.643503 -0.008780 0.000004880
4339.152 -4438.903 -2.896548 0.643503 -0.008699 0.000003821
4339.152 -3241.895 -2.896548 0.643503 -0.008616 0.000006245
3142.145 -648.379 -2.896548 0.643503 -0.004280 0.000004619
3142.145 -1945.137 -2.896548 0.643503 -0.007046 0.000008244
4339.152 -1945.137 -2.896548 0.643503 -0.008285 0.000004790
4339.152 -648.379 -2.896548 0.643503 -0.006440 0.000005572
648.379 -5735.661 -2.896548 0.643503 -0.009549 0.000006257
648.379 -6932.668 -2.896548 0.643503 -0.010124 0.000006118
1546.135 -6633.416 -2.896548 0.643503 -0.009556 0.000011150
1546.135 -7231.920 -2.896548 0.643503 -0.009540 0.000012577
2144.638 -7231.920 -2.896548 0.643503 -0.008167 0.000009543
2144.638 -6633.416 -2.896548 0.643503 -0.008582 0.000006452
1845.387 -5735.661 -2.896548 0.643503 -0.009118 0.000006172
648.379 -8229.426 -2.896548 0.643503 -0.009597 0.000005172
349.127 -9127.182 -2.896548 0.643503 -0.008924 0.000008153
349.127 -9725.686 -2.896548 0.643503 -0.008927 0.000013702
947.631 -9725.686 -2.896548 0.643503 -0.009690 0.000013941
947.631 -9127.182 -2.896548 0.643503 -0.008453 0.000010060
1845.387 -9426.434 -2.896548 0.643503 -0.008263 0.000008600
1546.135 -7930.175 -2.896548 0.643503 -0.008440 0.000017386
1546.135 -8528.678 -2.896548 0.643503 -0.008814 0.000009907
2144.638 -8528.678 -2.896548 0.643503 -0.008103 0.000008954
2144.638 -7930.175 -2.896548 0.643503 -0.007368 0.000013879
3142.145 -8229.426 -2.896548 0.643503 -0.007907 0.000004989
3142.145 -9426.434 -2.896548 0.643503 -0.007993 0.000003876
4339.152 -9426.434 -2.896548 0.643503 -0.007465 0.000004096
4339.152 -8229.426 -2.896548 0.643503 -0.008383 0.000003576
3740.648 -6334.165 -2.896548 0.643503 -0.008862 0.000001874
5635.910 -5735.661 -2.896548 0.643503 -0.008343 0.000004912
5336.658 -6633.416 -2.896548 0.643503 -0.009682 0.000005508
5336.658 -7231.920 -2.896548 0.643503 -0.009020 0.000006053
5935.162 -7231.920 -2.896548 0.643503 -0.008212 0.000014856
5935.162 -6633.416 -2.896548 0.643503 -0.009152 0.000010666
6832.918 -6932.668 -2.896548 0.643503 -0.009155 0.000005497
6832.918 -5735.661 -2.896548 0.643503 -0.009432 0.000005846
5635.910 -8229.426 -2.896548 0.643503 -0.008847 0.000004227
5635.910 -9426.434 -2.896548 0.643503 -0.008708 0.000003778
6832.918 -9426.434 -2.896548 0.643503 -0.010052 0.000003994
6832.918 -8229.426 -2.896548 0.643503 -0.009582 0.000004342
8129.676 -8229.426 -2.896548 0.643503 -0.009346 0.000002926
8129.676 -9426.434 -2.896548 0.643503 -0.009731 0.000005973
9326.683 -9426.434 -2.896548 0.643503 -0.007683 0.000003586
9326.683 -8229.426 -2.896548 0.643503 -0.008042 0.000003028
8129.676 -5735.661 -2.896548 0.643503 -0.009805 0.000003803
8129.676 -6932.668 -2.896548 0.643503 -0.008976 0.000004554
9326.683 -6932.668 -2.896548 0.643503 -0.008401 0.000004166
9326.683 -5735.661 -2.896548 0.643503 -0.009438 0.000004089
5635.910 -648.379 -2.896548 0.643503 -0.007093 0.000003495
5336.658 -1645.885 -2.896548 0.643503 -0.008431 0.000009089
5336.658 -2244.389 -2.896548 0.643503 -0.007888 0.000012060
5935.162 -2244.389 -2.896548 0.643503 -0.007135 0.000013902
5935.162 -1645.885 -2.896548 0.643503 -0.007299 0.000011893
6832.918 -1945.137 -2.896548 0.643503 -0.007674 0.000003160
6832.918 -648.379 -2.896548 0.643503 -0.007104 0.000002906
5336.658 -2942.643 -2.896548 0.643503 -0.007429 0.000014677
5336.658 -3541.147 -2.896548 0.643503 -0.009364 0.000009382
5935.162 -3541.147 -2.896548 0.643503 -0.009337 0.000009814
5935.162 -2942.643 -2.896548 0.643503 -0.007612 0.000013509
5635.910 -4438.903 -2.896548 0.643503 -0.008354 0.000006372
6533.666 -4139.651 -2.896548 0.643503 -0.009190 0.000011595
6533.666 -4738.155 -2.896548 0.643503 -0.007814 0.000009822
7132.170 -4738.155 -2.896548 0.643503 -0.008926 0.000013209
7132.170 -4139.651 -2.896548 0.643503 -0.009704 0.000013016
6832.918 -3241.895 -2.896548 0.643503 -0.008889 0.000007270
8129.676 -3241.895 -2.896548 0.643503 -0.008602 0.000003639
7830.424 -4139.651 -2.896548 0.643503 -0.009821 0.000012198
7830.424 -4738.155 -2.896548 0.643503 -0.008547 0.000006989
8428.928 -4738.155 -2.896548 0.643503 -0.008951 0.000010422
8428.928 -4139.651 -2.896548 0.643503 -0.008755 0.000012100
9326.683 -4438.903 -2.896548 0.643503 -0.008841 0.000005321
9326.683 -3241.895 -2.896548 0.643503 -0.008452 0.000004512
8728.180 -1246.883 -2.896548 0.643503 -0.008473 0.000001789
648.379 -10723.192 -2.896548 0.643503 -0.010527 0.000004249
648.379 -11920.200 -2.896548 0.643503 -0.010440 0.000004913
1546.135 -11620.948 -2.896548 0.643503 -0.009559 0.000012880
1546.135 -12219.451 -2.896548 0.643503 -0.009488 0.000006504
2144.638 -12219.451 -2.896548 0.643503 -0.009944 0.000006700
2144.638 -11620.948 -2.896548 0.643503 -0.009308 0.000012719
1546.135 -10423.940 -2.896548 0.643503 -0.009828 0.000012766
1546.135 -11022.444 -2.896548 0.643503 -0.009945 0.000013031
2144.638 -11022.444 -2.896548 0.643503 -0.008716 0.000009804
2144.638 -10423.940 -2.896548 0.643503 -0.008072 0.000010287
1246.883 -13815.461 -2.896548 0.643503 -0.009512 0.000001969
3142.145 -13216.958 -2.896548 0.643503 -0.010194 0.000003386
3142.145 -14413.965 -2.896548 0.643503 -0.009785 0.000002905
4339.152 -14413.965 -2.896548 0.643503 -0.010232 0.000005205
4339.152 -13216.958 -2.896548 0.643503 -0.009797 0.000005498
3142.145 -10723.192 -2.896548 0.643503 -0.009293 0.000006852
3142.145 -11920.200 -2.896548 0.643503 -0.010280 0.000005479
4339.152 -11920.200 -2.896548 0.643503 -0.009803 0.000005108
4339.152 -10723.192 -2.896548 0.643503 -0.008474 0.000003776
349.127 -15411.471 -2.896548 0.643503 -0.010242 0.000005095
349.127 -16009.975 -2.896548 0.643503 -0.010134 0.000014350
947.631 -16009.975 -2.896548 0.643503 -0.009986 0.000011564
947.631 -15411.471 -2.896548 0.643503 -0.010650 0.000004759
648.379 -16907.731 -2.896548 0.643503 -0.010509 0.000005988
1845.387 -16907.731 -2.896548 0.643503 -0.010273 0.000003356
1845.387 -15710.723 -2.896548 0.643503 -0.010031 0.000003379
648.379 -18204.489 -2.896548 0.643503 -0.011475 0.000002926
648.379 -19401.496 -2.896548 0.643503 -0.009404 0.000003356
1845.387 -19401.496 -2.896548 0.643503 -0.010054 0.000005474
1845.387 -18204.489 -2.896548 0.643503 -0.011034 0.000003140
3142.145 -18204.489 -2.896548 0.643503 -0.010733 0.000002691
3142.145 -19401.496 -2.896548 0.643503 -0.010261 0.000003354
4339.152 -19401.496 -2.896548 0.643503 -0.009413 0.000005754
4339.152 -18204.489 -2.896548 0.643503 -0.010011 0.000005473
3740.648 -16309.227 -2.896548 0.643503 -0.010668 0.000001772
5635.910 -15710.723 -2.896548 0.643503 -0.010500 0.000004833
5336.658 -16608.479 -2.896548 0.643503 -0.011068 0.000005652
5336.658 -17206.983 -2.896548 0.643503 -0.010742 0.000005509
5935.162 -17206.983 -2.896548 0.643503 -0.009685 0.000016095
5935.162 -16608.479 -2.896548 0.643503 -0.009658 0.000007138
6832.918 -16907.731 -2.896548 0.643503 -0.009897 0.000005131
6832.918 -15710.723 -2.896548 0.643503 -0.009916 0.000004037
5635.910 -18204.489 -2.896548 0.643503 -0.009015 0.000005047
5635.910 -19401.496 -2.896548 0.643503 -0.009146 0.000005898
6832.918 -19401.496 -2.896548 0.643503 -0.009810 0.000004495
6832.918 -18204.489 -2.896548 0.643503 -0.009241 0.000003462
8129.676 -18204.489 -2.896548 0.643503 -0.009539 0.000003047
8129.676 -19401.496 -2.896548 0.643503 -0.009212 0.000004506
9326.683 -19401.496 -2.896548 0.643503 -0.008852 0.000005829
9326.683 -18204.489 -2.896548 0.643503 -0.009442 0.000003006
8129.676 -15710.723 -2.896548 0.643503 -0.009201 0.000003587
8129.676 -16907.731 -2.896548 0.643503 -0.009167 0.000003318
9326.683 -16907.731 -2.896548 0.643503 -0.009342 0.000007235
9326.683 -15710.723 -2.896548 0.643503 -0.009284 0.000004380
6234.414 -11321.696 -2.896548 0.643503 -0.009076 0.000001944
5635.910 -13216.958 -2.896548 0.643503 -0.008389 0.000003130
5635.910 -14413.965 -2.896548 0.643503 -0.009046 0.000004735
6832.918 -14413.965 -2.896548 0.643503 -0.009312 0.000005430
6832.918 -13216.958 -2.896548 0.643503 -0.009311 0.000003445
8129.676 -13216.958 -2.896548 0.643503 -0.008991 0.000003503
7830.424 -14114.713 -2.896548 0.643503 -0.009416 0.000007135
7830.424 -14713.217 -2.896548 0.643503 -0.009928 0.000007470
8428.928 -14713.217 -2.896548 0.643503 -0.008625 0.000010390
8428.928 -14114.713 -2.896548 0.643503 -0.009292 0.000008240
9326.683 -14413.965 -2.896548 0.643503 -0.009163 0.000007063
9326.683 -13216.958 -2.896548 0.643503 -0.008782 0.000003580
8129.676 -10723.192 -2.896548 0.643503 -0.009802 0.000004163
8129.676 -11920.200 -2.896548 0.643503 -0.009014 0.000002889
9326.683 -11920.200 -2.896548 0.643503 -0.009130 0.000004360
9326.683 -10723.192 -2.896548 0.643503 -0.008332 0.000003456
10623.441 -10723.192 -2.896548 0.643503 -0.008612 0.000003622
10324.190 -11620.948 -2.896548 0.643503 -0.009908 0.000007139
10324.190 -12219.451 -2.896548 0.643503 -0.010564 0.000007862
10922.693 -12219.451 -2.896548 0.643503 -0.010378 0.000007005
10922.693 -11620.948 -2.896548 0.643503 -0.010170 0.000013319
11820.449 -11920.200 -2.896548 0.643503 -0.010200 0.000004342
11820.449 -10723.192 -2.896548 0.643503 -0.009437 0.000003416
10623.441 -13216.958 -2.896548 0.643503 -0.009347 0.000003468
10623.441 -14413.965 -2.896548 0.643503 -0.010469 0.000003877
11820.449 -14413.965 -2.896548 0.643503 -0.011204 0.000003304
11820.449 -13216.958 -2.896548 0.643503 -0.010420 0.000004142
13715.711 -13815.461 -2.896548 0.643503 -0.010200 0.000001863
13715.711 -11321.696 -2.896548 0.643503 -0.009749 0.000001603
10623.441 -15710.723 -2.896548 0.643503 -0.010295 0.000004560
10324.190 -16608.479 -2.896548 0.643503 -0.009989 0.000008236
10324.190 -17206.983 -2.896548 0.643503 -0.009483 0.000009780
10922.693 -17206.983 -2.896548 0.643503 -0.009767 0.000011676
10922.693 -16608.479 -2.896548 0.643503 -0.010334 0.000008578
11820.449 -16907.731 -2.896548 0.643503 -0.010418 0.000004741
11820.449 -15710.723 -2.896548 0.643503 -0.010086 0.000003912
10623.441 -18204.489 -2.896548 0.643503 -0.010143 0.000004426
10623.441 -19401.496 -2.896548 0.643503 -0.010011 0.000004045
11820.449 -19401.496 -2.896548 0.643503 -0.009874 0.000004441
11820.449 -18204.489 -2.896548 0.643503 -0.010877 0.000003723
13117.207 -18204.489 -2.896548 0.643503 -0.010775 0.000004118
13117.207 -19401.496 -2.896548 0.643503 -0.010132 0.000004619
14314.214 -19401.496 -2.896548 0.643503 -0.009376 0.000003897
14014.963 -17905.237 -2.896548 0.643503 -0.010521 0.000006539
14014.963 -18503.741 -2.896548 0.643503 -0.010755 0.000009133
14613.466 -18503.741 -2.896548 0.643503 -0.011147 0.000010933
14613.466 -17905.237 -2.896548 0.643503 -0.010031 0.000005567
13117.207 -15710.723 -2.896548 0.643503 -0.010495 0.000004446
12817.955 -16608.479 -2.896548 0.643503 -0.010081 0.000007305
12817.955 -17206.983 -2.896548 0.643503 -0.010155 0.000008560
13416.459 -17206.983 -2.896548 0.643503 -0.010209 0.000018479
13416.459 -16608.479 -2.896548 0.643503 -0.009161 0.000008054
14314.214 -16907.731 -2.896548 0.643503 -0.010516 0.000006802
14014.963 -15411.471 -2.896548 0.643503 -0.010536 0.000006279
14014.963 -16009.975 -2.896548 0.643503 -0.009108 0.000012476
14613.466 -16009.975 -2.896548 0.643503 -0.010261 0.000007364
14613.466 -15411.471 -2.896548 0.643503 -0.010606 0.000007471
15610.973 -15710.723 -2.896548 0.643503 -0.009061 0.000003762
15610.973 -16907.731 -2.896548 0.643503 -0.008888 0.000003336
16807.980 -16907.731 -2.896548 0.643503 -0.008151 0.000003550
16807.980 -15710.723 -2.896548 0.643503 -0.009041 0.000003300
16209.476 -18802.993 -2.896548 0.643503 -0.009218 0.000001685
18104.738 -18204.489 -2.896548 0.643503 -0.009190 0.000003020
18104.738 -19401.496 -2.896548 0.643503 -0.008779 0.000002643
19301.746 -19401.496 -2.896548 0.643503 -0.008975 0.000004873
19301.746 -18204.489 -2.896548 0.643503 -0.009554 0.000002319
18703.242 -16309.227 -2.896548 0.643503 -0.009916 0.000001732
15311.721 -10423.940 -2.896548 0.643503 -0.009864 0.000007036
15311.721 -11022.444 -2.896548 0.643503 -0.010128 0.000006230
15910.224 -11022.444 -2.896548 0.643503 -0.010165 0.000011543
15910.224 -10423.940 -2.896548 0.643503 -0.010115 0.000009600
15610.973 -11920.200 -2.896548 0.643503 -0.009528 0.000003715
16807.980 -11920.200 -2.896548 0.643503 -0.009830 0.000004962
16807.980 -10723.192 -2.896548 0.643503 -0.010681 0.000004280
15610.973 -13216.958 -2.896548 0.643503 -0.009248 0.000002438
15610.973 -14413.965 -2.896548 0.643503 -0.009407 0.000003740
16807.980 -14413.965 -2.896548 0.643503 -0.009268 0.000006684
16807.980 -13216.958 -2.896548 0.643503 -0.009147 0.000004079
18104.738 -13216.958 -2.896548 0.643503 -0.009528 0.000003803
18104.738 -14413.965 -2.896548 0.643503 -0.010454 0.000003555
19301.746 -14413.965 -2.896548 0.643503 -0.010894 0.000002915
19301.746 -13216.958 -2.896548 0.643503 -0.010277 0.000003976
18104.738 -10723.192 -2.896548 0.643503 -0.009279 0.000004751
18104.738 -11920.200 -2.896548 0.643503 -0.009351 0.000004888
19301.746 -11920.200 -2.896548 0.643503 -0.010161 0.000003676
19301.746 -10723.192 -2.896548 0.643503 -0.009690 0.000003491
10623.441 -648.379 -2.896548 0.643503 -0.008831 0.000003744
10623.441 -1945.137 -2.896548 0.643503 -0.009316 0.000004177
11820.449 -1945.137 -2.896548 0.643503 -0.010705 0.000003464
11820.449 -648.379 -2.896548 0.643503 -0.010195 0.000004868
10324.190 -2942.643 -2.896548 0.643503 -0.009441 0.000006140
10324.190 -3541.147 -2.896548 0.643503 -0.009921 0.000014471
10922.693 -3541.147 -2.896548 0.643503 -0.009382 0.000013505
10922.693 -2942.643 -2.896548 0.643503 -0.009950 0.000015912
10324.190 -4139.651 -2.896548 0.643503 -0.009422 0.000013477
10324.190 -4738.155 -2.896548 0.643503 -0.009403 0.000008466
10922.693 -4738.155 -2.896548 0.643503 -0.009156 0.000011994
10922.693 -4139.651 -2.896548 0.643503 -0.009012 0.000014883
11521.197 -4139.651 -2.896548 0.643503 -0.009454 0.000013568
11521.197 -4738.155 -2.896548 0.643503 -0.009720 0.000009203
12119.701 -4738.155 -2.896548 0.643503 -0.009791 0.000018519
12119.701 -4139.651 -2.896548 0.643503 -0.009325 0.000009701
11820.449 -3241.895 -2.896548 0.643503 -0.010461 0.000006021
13117.207 -3241.895 -2.896548 0.643503 -0.009466 0.000005944
12817.955 -4139.651 -2.896548 0.643503 -0.008561 0.000015300
12817.955 -4738.155 -2.896548 0.643503 -0.008492 0.000015253
13416.459 -4738.155 -2.896548 0.643503 -0.009289 0.000015880
13416.459 -4139.651 -2.896548 0.643503 -0.007908 0.000013006
14014.963 -4139.651 -2.896548 0.643503 -0.008842 0.000015623
14014.963 -4738.155 -2.896548 0.643503 -0.009236 0.000017775
14613.466 -4738.155 -2.896548 0.643503 -0.009106 0.000015403
14613.466 -4139.651 -2.896548 0.643503 -0.009951 0.000009252
14314.214 -3241.895 -2.896548 0.643503 -0.009575 0.000006449
12817.955 -349.127 -2.896548 0.643503 -0.009175 0.000006491
12817.955 -947.631 -2.896548 0.643503 -0.009388 0.000011606
13416.459 -947.631 -2.896548 0.643503 -0.009050 0.000015485
13416.459 -349.127 -2.896548 0.643503 -0.009759 0.000006958
12817.955 -1645.885 -2.896548 0.643503 -0.010445 0.000008198
12817.955 -2244.389 -2.896548 0.643503 -0.010327 0.000006880
13416.459 -2244.389 -2.896548 0.643503 -0.010624 0.000010808
13416.459 -1645.885 -2.896548 0.643503 -0.010937 0.000013467
14314.214 -1945.137 -2.896548 0.643503 -0.010267 0.000004507
14314.214 -648.379 -2.896548 0.643503 -0.009640 0.000004100
10623.441 -5735.661 -2.896548 0.643503 -0.009015 0.000004384
10623.441 -6932.668 -2.896548 0.643503 -0.008913 0.000004453
11521.197 -6633.416 -2.896548 0.643503 -0.010936 0.000007624
11521.197 -7231.920 -2.896548 0.643503 -0.010098 0.000009283
12119.701 -7231.920 -2.896548 0.643503 -0.009777 0.000016404
12119.701 -6633.416 -2.896548 0.643503 -0.011212 0.000009725
11820.449 -5735.661 -2.896548 0.643503 -0.010838 0.000009206
11221.945 -8827.930 -2.896548 0.643503 -0.008590 0.000002454
13117.207 -8229.426 -2.896548 0.643503 -0.008910 0.000003280
13117.207 -9426.434 -2.896548 0.643503 -0.009598 0.000003703
14314.214 -9426.434 -2.896548 0.643503 -0.009930 0.000003428
14314.214 -8229.426 -2.896548 0.643503 -0.009306 0.000004185
13117.207 -5735.661 -2.896548 0.643503 -0.010807 0.000006666
12817.955 -6633.416 -2.896548 0.643503 -0.010333 0.000018108
12817.955 -7231.920 -2.896548 0.643503 -0.009179 0.000014288
13416.459 -7231.920 -2.896548 0.643503 -0.008958 0.000008023
13416.459 -6633.416 -2.896548 0.643503 -0.010064 0.000016292
14314.214 -6932.668 -2.896548 0.643503 -0.009440 0.000006330
14314.214 -5735.661 -2.896548 0.643503 -0.009656 0.000005878
15610.973 -5735.661 -2.896548 0.643503 -0.008954 0.000006263
15311.721 -6633.416 -2.896548 0.643503 -0.008535 0.000007195
15311.721 -7231.920 -2.896548 0.643503 -0.008941 0.000007871
15910.224 -7231.920 -2.896548 0.643503 -0.009615 0.000011036
15910.224 -6633.416 -2.896548 0.643503 -0.009078 0.000013832
16807.980 -6932.668 -2.896548 0.643503 -0.010043 0.000008450
16807.980 -5735.661 -2.896548 0.643503 -0.010523 0.000005185
15610.973 -8229.426 -2.896548 0.643503 -0.009128 0.000005241
15610.973 -9426.434 -2.896548 0.643503 -0.008912 0.000003805
16807.980 -9426.434 -2.896548 0.643503 -0.009799 0.000004842
16508.728 -7930.175 -2.896548 0.643503 -0.008853 0.000005877
16508.728 -8528.678 -2.896548 0.643503 -0.009181 0.000007583
17107.232 -8528.678 -2.896548 0.643503 -0.010253 0.000012339
17107.232 -7930.175 -2.896548 0.643503 -0.008454 0.000014952
18104.738 -8229.426 -2.896548 0.643503 -0.010536 0.000005556
18104.738 -9426.434 -2.896548 0.643503 -0.010138 0.000005133
19301.746 -9426.434 -2.896548 0.643503 -0.010153 0.000002925
19301.746 -8229.426 -2.896548 0.643503 -0.009451 0.000003017
18104.738 -5735.661 -2.896548 0.643503 -0.010101 0.000006327
18104.738 -6932.668 -2.896548 0.643503 -0.009425 0.000005215
19301.746 -6932.668 -2.896548 0.643503 -0.009174 0.000003488
19301.746 -5735.661 -2.896548 0.643503 -0.009144 0.000003795
15610.973 -648.379 -2.896548 0.643503 -0.009241 0.000002907
15610.973 -1945.137 -2.896548 0.643503 -0.009494 0.000003693
16807.980 -1945.137 -2.896548 0.643503 -0.008500 0.000004178
16807.980 -648.379 -2.896548 0.643503 -0.008892 0.000005684
15610.973 -3241.895 -2.896548 0.643503 -0.008936 0.000003590
15610.973 -4438.903 -2.896548 0.643503 -0.007999 0.000005932
16807.980 -4438.903 -2.896548 0.643503 -0.009022 0.000004801
16807.980 -3241.895 -2.896548 0.643503 -0.009287 0.000005866
18104.738 -3241.895 -2.896548 0.643503 -0.009511 0.000004653
18104.738 -4438.903 -2.896548 0.643503 -0.008693 0.000004619
19002.494 -4139.651 -2.896548 0.643503 -0.009570 0.000008402
19002.494 -4738.155 -2.896548 0.643503 -0.008733 0.000007774
19600.998 -4738.155 -2.896548 0.643503 -0.009001 0.000011159
19600.998 -4139.651 -2.896548 0.643503 -0.010426 0.000016353
19301.746 -3241.895 -2.896548 0.643503 -0.010030 0.000004474
18104.738 -648.379 -2.896548 0.643503 -0.009100 0.000006334
18104.738 -1945.137 -2.896548 0.643503 -0.009486 0.000003620
19301.746 -1945.137 -2.896548 0.643503 -0.009798 0.000004484
19002.494 -349.127 -2.896548 0.643503 -0.009525 0.000010279
19002.494 -947.631 -2.896548 0.643503 -0.008824 0.000007305
19600.998 -947.631 -2.896548 0.643503 -0.010002 0.000011389
19600.998 -349.127 -2.896548 0.643503 -0.009704 0.000014347
648.379 19401.496 -2.896548 0.643503 -0.009482 0.000003890
648.379 18104.738 -2.896548 0.643503 -0.009097 0.000003627
1845.387 18104.738 -2.896548 0.643503 -0.008723 0.000003774
1845.387 19401.496 -2.896548 0.643503 -0.009634 0.000004249
648.379 16807.980 -2.896548 0.643503 -0.009824 0.000004277
648.379 15610.973 -2.896548 0.643503 -0.009675 0.000003265
1845.387 15610.973 -2.896548 0.643503 -0.010665 0.000004005
1845.387 16807.980 -2.896548 0.643503 -0.008829 0.000005808
3142.145 16807.980 -2.896548 0.643503 -0.008733 0.000005207
3142.145 15610.973 -2.896548 0.643503 -0.009776 0.000005030
4339.152 15610.973 -2.896548 0.643503 -0.010204 0.000002855
4339.152 16807.980 -2.896548 0.643503 -0.009740 0.000003232
3142.145 19401.496 -2.896548 0.643503 -0.009523 0.000004369
2842.893 18403.990 -2.896548 0.643503 -0.010136 0.000010079
2842.893 17805.486 -2.896548 0.643503 -0.009435 0.000012010
3441.397 17805.486 -2.896548 0.643503 -0.010627 0.000013684
3441.397 18403.990 -2.896548 0.643503 -0.010840 0.000008248
4339.152 18104.738 -2.896548 0.643503 -0.011285 0.000008599
4339.152 19401.496 -2.896548 0.643503 -0.010532 0.000006030
1246.883 13715.711 -2.896548 0.643503 -0.010194 0.000002087
349.127 12119.701 -2.896548 0.643503 -0.008331 0.000011229
349.127 11521.197 -2.896548 0.643503 -0.008438 0.000012434
947.631 11521.197 -2.896548 0.643503 -0.008384 0.000012843
947.631 12119.701 -2.896548 0.643503 -0.008388 0.000011513
648.379 10623.441 -2.896548 0.643503 -0.008390 0.000004176
1845.387 10623.441 -2.896548 0.643503 -0.008447 0.000004168
1546.135 12119.701 -2.896548 0.643503 -0.008590 0.000013368
1546.135 11521.197 -2.896548 0.643503 -0.007684 0.000010071
2144.638 11521.197 -2.896548 0.643503 -0.008265 0.000009240
2144.638 12119.701 -2.896548 0.643503 -0.009940 0.000011067
3142.145 11820.449 -2.896548 0.643503 -0.009285 0.000004833
2842.893 10922.693 -2.896548 0.643503 -0.008587 0.000009367
2842.893 10324.190 -2.896548 0.643503 -0.008581 0.000010062
3441.397 10324.190 -2.896548 0.643503 -0.008671 0.000011694
3441.397 10922.693 -2.896548 0.643503 -0.007746 0.000010215
4339.152 10623.441 -2.896548 0.643503 -0.008208 0.000004356
4339.152 11820.449 -2.896548 0.643503 -0.008339 0.000005065
3142.145 14314.214 -2.896548 0.643503 -0.010221 0.000002923
3142.145 13117.207 -2.896548 0.643503 -0.010491 0.000003054
4339.152 13117.207 -2.896548 0.643503 -0.009022 0.000003319
4339.152 14314.214 -2.896548 0.643503 -0.009673 0.000005703
5635.910 14314.214 -2.896548 0.643503 -0.009314 0.000003520
5635.910 13117.207 -2.896548 0.643503 -0.008928 0.000003394
6832.918 13117.207 -2.896548 0.643503 -0.008266 0.000003716
6832.918 14314.214 -2.896548 0.643503 -0.009739 0.000003334
5635.910 11820.449 -2.896548 0.643503 -0.007977 0.000003750
5635.910 10623.441 -2.896548 0.643503 -0.008825 0.000004531
6533.666 10922.693 -2.896548 0.643503 -0.007997 0.000013267
6533.666 10324.190 -2.896548 0.643503 -0.008380 0.000009301
7132.170 10324.190 -2.896548 0.643503 -0.009239 0.000011599
7132.170 10922.693 -2.896548 0.643503 -0.009751 0.000012151
6832.918 11820.449 -2.896548 0.643503 -0.008340 0.000005369
8129.676 11820.449 -2.896548 0.643503 -0.008658 0.000006064
7830.424 10922.693 -2.896548 0.643503 -0.010104 0.000013498
7830.424 10324.190 -2.896548 0.643503 -0.008391 0.000013107
8428.928 10324.190 -2.896548 0.643503 -0.009276 0.000013571
8428.928 10922.693 -2.896548 0.643503 -0.010082 0.000016135
9326.683 10623.441 -2.896548 0.643503 -0.009733 0.000005375
9027.431 12119.701 -2.896548 0.643503 -0.008187 0.000008740
9027.431 11521.197 -2.896548 0.643503 -0.008748 0.000010948
9625.935 11521.197 -2.896548 0.643503 -0.008831 0.000010628
9625.935 12119.701 -2.896548 0.643503 -0.008660 0.000015629
8129.676 14314.214 -2.896548 0.643503 -0.009987 0.000004036
7830.424 13416.459 -2.896548 0.643503 -0.008588 0.000011982
7830.424 12817.955 -2.896548 0.643503 -0.009626 0.000006104
8428.928 12817.955 -2.896548 0.643503 -0.009449 0.000011499
8428.928 13416.459 -2.896548 0.643503 -0.010449 0.000010222
9326.683 13117.207 -2.896548 0.643503 -0.008742 0.000004760
9326.683 14314.214 -2.896548 0.643503 -0.009164 0.000004027
5635.910 19401.496 -2.896548 0.643503 -0.010400 0.000004823
5336.658 18403.990 -2.896548 0.643503 -0.010183 0.000010920
5336.658 17805.486 -2.896548 0.643503 -0.009411 0.000005844
5935.162 17805.486 -2.896548 0.643503 -0.008925 0.000009202
5935.162 18403.990 -2.896548 0.643503 -0.010958 0.000009809
6832.918 18104.738 -2.896548 0.643503 -0.010000 0.000008577
6832.918 19401.496 -2.896548 0.643503 -0.010774 0.000004907
6234.414 16209.476 -2.896548 0.643503 -0.008490 0.000001880
7830.424 17107.232 -2.896548 0.643503 -0.008045 0.000008755
7830.424 16508.728 -2.896548 0.643503 -0.008691 0.000006175
8428.928 16508.728 -2.896548 0.643503 -0.008405 0.000012319
8428.928 17107.232 -2.896548 0.643503 -0.008601 0.000008963
8129.676 15610.973 -2.896548 0.643503 -0.009224 0.000005150
9326.683 15610.973 -2.896548 0.643503 -0.009093 0.000007332
9326.683 16807.980 -2.896548 0.643503 -0.008630 0.000006081
8129.676 19401.496 -2.896548 0.643503 -0.009983 0.000005188
7830.424 18403.990 -2.896548 0.643503 -0.010790 0.000006812
7830.424 17805.486 -2.896548 0.643503 -0.009708 0.000013357
8428.928 17805.486 -2.896548 0.643503 -0.009510 0.000012397
8428.928 18403.990 -2.896548 0.643503 -0.009936 0.000012448
9326.683 18104.738 -2.896548 0.643503 -0.009650 0.000004229
9326.683 19401.496 -2.896548 0.643503 -0.009430 0.000004111
349.127 9625.935 -2.896548 0.643503 -0.007878 0.000009262
349.127 9027.431 -2.896548 0.643503 -0.007378 0.000009125
947.631 9027.431 -2.896548 0.643503 -0.008027 0.000010924
947.631 9625.935 -2.896548 0.643503 -0.007356 0.000009499
648.379 8129.676 -2.896548 0.643503 -0.007740 0.000005838
1845.387 8129.676 -2.896548 0.643503 -0.007290 0.000003287
1845.387 9326.683 -2.896548 0.643503 -0.007896 0.000005717
1246.883 6234.414 -2.896548 0.643503 -0.004572 0.000004653
3142.145 6832.918 -2.896548 0.643503 -0.007613 0.000005793
3142.145 5635.910 -2.896548 0.643503 -0.006222 0.000005853
4339.152 5635.910 -2.896548 0.643503 -0.007242 0.000008226
4039.900 7132.170 -2.896548 0.643503 -0.008448 0.000010924
4039.900 6533.666 -2.896548 0.643503 -0.007547 0.000005594
4638.404 6533.666 -2.896548 0.643503 -0.008896 0.000013571
4638.404 7132.170 -2.896548 0.643503 -0.008557 0.000016053
2842.893 9625.935 -2.896548 0.643503 -0.008828 0.000012970
2842.893 9027.431 -2.896548 0.643503 -0.007838 0.000007106
3441.397 9027.431 -2.896548 0.643503 -0.007768 0.000008769
3441.397 9625.935 -2.896548 0.643503 -0.008109 0.000017876
3142.145 8129.676 -2.896548 0.643503 -0.008261 0.000005387
4039.900 8428.928 -2.896548 0.643503 -0.008195 0.000011779
4039.900 7830.424 -2.896548 0.643503 -0.009007 0.000007465
4638.404 7830.424 -2.896548 0.643503 -0.009216 0.000012578
4638.404 8428.928 -2.896548 0.643503 -0.007877 0.000012982
4339.152 9326.683 -2.896548 0.643503 -0.007892 0.000006882
648.379 4339.152 -2.896548 0.643503 0.001726 0.000016670
349.127 3441.397 -2.896548 0.643503 0.010449 0.000044940
349.127 2842.893 -2.896548 0.643503 0.011251 0.000049563
947.631 2842.893 -2.896548 0.643503 0.005111 0.000036227
947.631 3441.397 -2.896548 0.643503 0.004129 0.000029295
1546.135 3441.397 -2.896548 0.643503 0.001514 0.000020359
1546.135 2842.893 -2.896548 0.643503 0.001562 0.000018416
2144.638 2842.893 -2.896548 0.643503 -0.000612 0.000015314
2144.638 3441.397 -2.896548 0.643503 -0.001162 0.000024004
1845.387 4339.152 -2.896548 0.643503 -0.001533 0.000006827
349.127 2144.638 -2.896548 0.643503 0.011551 0.000054683
349.127 1546.135 -2.896548 0.643503 0.008943 0.000044289
947.631 1546.135 -2.896548 0.643503 0.002549 0.000035838
947.631 2144.638 -2.896548 0.643503 0.005081 0.000041450
648.379 648.379 -2.896548 0.643503 0.002987 0.000021420
1546.135 947.631 -2.896548 0.643503 0.000304 0.000015951
1546.135 349.127 -2.896548 0.643503 -0.001134 0.000013699
2144.638 349.127 -2.896548 0.643503 -0.002740 0.000012851
2144.638 947.631 -2.896548 0.643503 -0.002486 0.000009887
1845.387 1845.387 -2.896548 0.643503 -0.000416 0.000009481
3142.145 1845.387 -2.896548 0.643503 -0.004137 0.000008879
3142.145 648.379 -2.896548 0.643503 -0.004262 0.000005401
4339.152 648.379 -2.896548 0.643503 -0.006252 0.000004460
4339.152 1845.387 -2.896548 0.643503 -0.006464 0.000004918
3142.145 4339.152 -2.896548 0.643503 -0.004472 0.000007541
2842.893 3441.397 -2.896548 0.643503 -0.003386 0.000016770
2842.893 2842.893 -2.896548 0.643503 -0.002759 0.000014241
3441.397 2842.893 -2.896548 0.643503 -0.005749 0.000010970
3441.397 3441.397 -2.896548 0.643503 -0.005541 0.000010612
4339.152 3142.145 -2.896548 0.643503 -0.006819 0.000004490
4039.900 4638.404 -2.896548 0.643503 -0.005468 0.000006464
4039.900 4039.900 -2.896548 0.643503 -0.006173 0.000010128
4638.404 4039.900 -2.896548 0.643503 -0.006634 0.000011422
4638.404 4638.404 -2.896548 0.643503 -0.006242 0.000013872
5635.910 4339.152 -2.896548 0.643503 -0.006770 0.000004904
5635.910 3142.145 -2.896548 0.643503 -0.006301 0.000004584
6533.666 3441.397 -2.896548 0.643503 -0.007066 0.000012371
6533.666 2842.893 -2.896548 0.643503 -0.006938 0.000009812
7132.170 2842.893 -2.896548 0.643503 -0.007182 0.000012980
7132.170 3441.397 -2.896548 0.643503 -0.008003 0.000007292
6832.918 4339.152 -2.896548 0.643503 -0.007339 0.000003982
5635.910 1845.387 -2.896548 0.643503 -0.006639 0.000005022
5635.910 648.379 -2.896548 0.643503 -0.007127 0.000004524
6832.918 648.379 -2.896548 0.643503 -0.007398 0.000004121
6832.918 1845.387 -2.896548 0.643503 -0.006689 0.000004631
7830.424 2144.638 -2.896548 0.643503 -0.006810 0.000008744
7830.424 1546.135 -2.896548 0.643503 -0.006572 0.000008381
8428.928 1546.135 -2.896548 0.643503 -0.006789 0.000013098
8428.928 2144.638 -2.896548 0.643503 -0.007113 0.000013804
8129.676 648.379 -2.896548 0.643503 -0.007119 0.000004283
9326.683 648.379 -2.896548 0.643503 -0.008285 0.000004790
9027.431 2144.638 -2.896548 0.643503 -0.007676 0.000012624
9027.431 1546.135 -2.896548 0.643503 -0.007541 0.000010502
9625.935 1546.135 -2.896548 0.643503 -0.008673 0.000015116
9625.935 2144.638 -2.896548 0.643503 -0.008437 0.000012787
8129.676 4339.152 -2.896548 0.643503 -0.008137 0.000005438
8129.676 3142.145 -2.896548 0.643503 -0.006992 0.000003978
9326.683 3142.145 -2.896548 0.643503 -0.006738 0.000004608
9326.683 4339.152 -2.896548 0.643503 -0.007011 0.000004524
5635.910 9326.683 -2.896548 0.643503 -0.009090 0.000003642
5635.910 8129.676 -2.896548 0.643503 -0.009003 0.000003677
6832.918 8129.676 -2.896548 0.643503 -0.009674 0.000004588
6832.918 9326.683 -2.896548 0.643503 -0.008855 0.000005684
5635.910 6832.918 -2.896548 0.643503 -0.008862 0.000006842
5635.910 5635.910 -2.896548 0.643503 -0.008088 0.000004751
6832.918 5635.910 -2.896548 0.643503 -0.007270 0.000005465
6832.918 6832.918 -2.896548 0.643503 -0.008535 0.000006070
8129.676 6832.918 -2.896548 0.643503 -0.008352 0.000004517
8129.676 5635.910 -2.896548 0.643503 -0.008828 0.000003257
9027.431 5935.162 -2.896548 0.643503 -0.008829 0.000006192
9027.431 5336.658 -2.896548 0.643503 -0.008431 0.000011534
9625.935 5336.658 -2.896548 0.643503 -0.007352 0.000010836
9625.935 5935.162 -2.896548 0.643503 -0.008541 0.000009666
9326.683 6832.918 -2.896548 0.643503 -0.008681 0.000004622
8129.676 9326.683 -2.896548 0.643503 -0.009294 0.000005175
7830.424 8428.928 -2.896548 0.643503 -0.010086 0.000006944
7830.424 7830.424 -2.896548 0.643503 -0.009308 0.000006872
8428.928 7830.424 -2.896548 0.643503 -0.009007 0.000010860
8428.928 8428.928 -2.896548 0.643503 -0.009792 0.000018117
9326.683 8129.676 -2.896548 0.643503 -0.008672 0.000004280
9326.683 9326.683 -2.896548 0.643503 -0.008557 0.000003991
10623.441 9326.683 -2.896548 0.643503 -0.008108 0.000005168
10623.441 8129.676 -2.896548 0.643503 -0.008347 0.000002947
11820.449 8129.676 -2.896548 0.643503 -0.009413 0.000003363
11820.449 9326.683 -2.896548 0.643503 -0.008524 0.000003723
10623.441 6832.918 -2.896548 0.643503 -0.009104 0.000003787
10623.441 5635.910 -2.896548 0.643503 -0.008815 0.000004088
11820.449 5635.910 -2.896548 0.643503 -0.009741 0.000004432
11820.449 6832.918 -2.896548 0.643503 -0.009416 0.000004420
13117.207 6832.918 -2.896548 0.643503 -0.009265 0.000002293
13117.207 5635.910 -2.896548 0.643503 -0.009503 0.000003500
14014.963 5935.162 -2.896548 0.643503 -0.009747 0.000010598
14014.963 5336.658 -2.896548 0.643503 -0.010510 0.000012354
14613.466 5336.658 -2.896548 0.643503 -0.009937 0.000016575
14613.466 5935.162 -2.896548 0.643503 -0.009457 0.000010067
14314.214 6832.918 -2.896548 0.643503 -0.010077 0.000004249
13715.711 8728.180 -2.896548 0.643503 -0.009349 0.000001991
10623.441 4339.152 -2.896548 0.643503 -0.008871 0.000005151
10324.190 3441.397 -2.896548 0.643503 -0.008182 0.000012016
10324.190 2842.893 -2.896548 0.643503 -0.008495 0.000010903
10922.693 2842.893 -2.896548 0.643503 -0.009125 0.000010632
10922.693 3441.397 -2.896548 0.643503 -0.008866 0.000010140
11820.449 3142.145 -2.896548 0.643503 -0.009158 0.000007492
11820.449 4339.152 -2.896548 0.643503 -0.009594 0.000005410
10623.441 1845.387 -2.896548 0.643503 -0.009813 0.000006051
10623.441 648.379 -2.896548 0.643503 -0.009865 0.000003966
11820.449 648.379 -2.896548 0.643503 -0.009412 0.000003584
11820.449 1845.387 -2.896548 0.643503 -0.009586 0.000006567
12817.955 2144.638 -2.896548 0.643503 -0.009488 0.000013417
12817.955 1546.135 -2.896548 0.643503 -0.009026 0.000008094
13416.459 1546.135 -2.896548 0.643503 -0.009049 0.000012639
13416.459 2144.638 -2.896548 0.643503 -0.009130 0.000015770
13117.207 648.379 -2.896548 0.643503 -0.009513 0.000004250
14314.214 648.379 -2.896548 0.643503 -0.010329 0.000004397
14314.214 1845.387 -2.896548 0.643503 -0.010999 0.000005842
13117.207 4339.152 -2.896548 0.643503 -0.009136 0.000006094
12817.955 3441.397 -2.896548 0.643503 -0.008991 0.000008000
12817.955 2842.893 -2.896548 0.643503 -0.009572 0.000015326
13416.459 2842.893 -2.896548 0.643503 -0.009625 0.000012798
13416.459 3441.397 -2.896548 0.643503 -0.009389 0.000012375
14014.963 3441.397 -2.896548 0.643503 -0.009556 0.000016160
14014.963 2842.893 -2.896548 0.643503 -0.010559 0.000016157
14613.466 2842.893 -2.896548 0.643503 -0.010172 0.000015428
14613.466 3441.397 -2.896548 0.643503 -0.009308 0.000015842
14014.963 4638.404 -2.896548 0.643503 -0.008689 0.000014417
14014.963 4039.900 -2.896548 0.643503 -0.008244 0.000014339
14613.466 4039.900 -2.896548 0.643503 -0.008688 0.000013729
14613.466 4638.404 -2.896548 0.643503 -0.007944 0.000013221
15610.973 4339.152 -2.896548 0.643503 -0.007956 0.000006072
15610.973 3142.145 -2.896548 0.643503 -0.008331 0.000004332
16807.980 3142.145 -2.896548 0.643503 -0.008726 0.000004374
16807.980 4339.152 -2.896548 0.643503 -0.008735 0.000003668
15610.973 1845.387 -2.896548 0.643503 -0.010464 0.000005735
15610.973 648.379 -2.896548 0.643503 -0.009905 0.000002890
16807.980 648.379 -2.896548 0.643503 -0.009062 0.000003680
16807.980 1845.387 -2.896548 0.643503 -0.008858 0.000004050
18104.738 1845.387 -2.896548 0.643503 -0.009752 0.000004969
18104.738 648.379 -2.896548 0.643503 -0.009599 0.000003570
19301.746 648.379 -2.896548 0.643503 -0.009577 0.000003631
19301.746 1845.387 -2.896548 0.643503 -0.010239 0.000004875
18104.738 4339.152 -2.896548 0.643503 -0.008538 0.000005070
18104.738 3142.145 -2.896548 0.643503 -0.009858 0.000005069
19301.746 3142.145 -2.896548 0.643503 -0.009679 0.000004321
19301.746 4339.152 -2.896548 0.643503 -0.010052 0.000004146
15610.973 9326.683 -2.896548 0.643503 -0.009277 0.000003271
15610.973 8129.676 -2.896548 0.643503 -0.009702 0.000003278
16807.980 8129.676 -2.896548 0.643503 -0.009627 0.000004619
16807.980 9326.683 -2.896548 0.643503 -0.008598 0.000006114
15610.973 6832.918 -2.896548 0.643503 -0.009024 0.000004123
15610.973 5635.910 -2.896548 0.643503 -0.008996 0.000004266
16807.980 5635.910 -2.896548 0.643503 -0.008670 0.000004496
16807.980 6832.918 -2.896548 0.643503 -0.008473 0.000005740
17805.486 7132.170 -2.896548 0.643503 -0.011069 0.000011898
17805.486 6533.666 -2.896548 0.643503 -0.009528 0.000007339
18403.990 6533.666 -2.896548 0.643503 -0.009600 0.000008183
18403.990 7132.170 -2.896548 0.643503 -0.009787 0.000014965
18104.738 5635.910 -2.896548 0.643503 -0.009462 0.000004030
19301.746 5635.910 -2.896548 0.643503 -0.009823 0.000003987
19301.746 6832.918 -2.896548 0.643503 -0.010495 0.000004557
18104.738 9326.683 -2.896548 0.643503 -0.009314 0.000005377
17805.486 8428.928 -2.896548 0.643503 -0.009520 0.000016269
17605.985 7930.175 -2.896548 0.643503 -0.009627 0.000021182
17605.985 7630.923 -2.896548 0.643503 -0.009835 0.000014181
17905.237 7730.673 -2.896548 0.643503 -0.011310 0.000136654
17905.237 7531.172 -2.896548 0.643503 -0.011007 0.000064437
18104.738 7531.172 -2.896548 0.643503 -0.011581 0.000069761
18104.738 7730.673 -2.896548 0.643503 -0.011915 0.000076832
18004.988 7930.175 -2.896548 0.643503 -0.011280 0.000046760
18403.990 7830.424 -2.896548 0.643503 -0.010521 0.000013650
18403.990 8428.928 -2.896548 0.643503 -0.010144 0.000014496
19301.746 8129.676 -2.896548 0.643503 -0.009867 0.000004849
19002.494 9625.935 -2.896548 0.643503 -0.009209 0.000010210
19002.494 9027.431 -2.896548 0.643503 -0.009001 0.000009585
19600.998 9027.431 -2.896548 0.643503 -0.009733 0.000012993
19600.998 9625.935 -2.896548 0.643503 -0.008665 0.000015813
10623.441 19401.496 -2.896548 0.643503 -0.010045 0.000003456
10623.441 18104.738 -2.896548 0.643503 -0.010297 0.000004621
11820.449 18104.738 -2.896548 0.643503 -0.010613 0.000004425
11820.449 19401.496 -2.896548 0.643503 -0.009687 0.000004319
10124.688 17306.733 -2.896548 0.643503 -0.009114 0.000010345
10124.688 16907.731 -2.896548 0.643503 -0.008988 0.000027998
10423.940 17007.481 -2.896548 0.643503 -0.008641 0.000055916
10423.940 16807.980 -2.896548 0.643503 -0.009235 0.000102503
10623.441 16807.980 -2.896548 0.643503 -0.009597 0.000066215
10623.441 17007.481 -2.896548 0.643503 -0.008730 0.000083642
10523.691 17306.733 -2.896548 0.643503 -0.008604 0.000012666
10324.190 16508.728 -2.896548 0.643503 -0.010728 0.000013124
10922.693 16508.728 -2.896548 0.643503 -0.010023 0.000013042
10922.693 17107.232 -2.896548 0.643503 -0.009382 0.000007754
10623.441 15610.973 -2.896548 0.643503 -0.009455 0.000006999
11521.197 15910.224 -2.896548 0.643503 -0.009430 0.000013266
11521.197 15311.721 -2.896548 0.643503 -0.008490 0.000010197
12119.701 15311.721 -2.896548 0.643503 -0.009419 0.000013174
12119.701 15910.224 -2.896548 0.643503 -0.009236 0.000018036
11820.449 16807.980 -2.896548 0.643503 -0.009918 0.000005721
12817.955 17107.232 -2.896548 0.643503 -0.009269 0.000008674
12817.955 16508.728 -2.896548 0.643503 -0.008989 0.000014536
13416.459 16508.728 -2.896548 0.643503 -0.009111 0.000017282
13416.459 17107.232 -2.896548 0.643503 -0.009784 0.000013321
12817.955 15910.224 -2.896548 0.643503 -0.010457 0.000018741
12817.955 15311.721 -2.896548 0.643503 -0.009674 0.000010708
13416.459 15311.721 -2.896548 0.643503 -0.009875 0.000010053
13416.459 15910.224 -2.896548 0.643503 -0.009824 0.000017721
14314.214 15610.973 -2.896548 0.643503 -0.008924 0.000002988
14314.214 16807.980 -2.896548 0.643503 -0.008866 0.000003606
13117.207 19401.496 -2.896548 0.643503 -0.009866 0.000004523
12817.955 18403.990 -2.896548 0.643503 -0.010401 0.000007902
12817.955 17805.486 -2.896548 0.643503 -0.009898 0.000009663
13416.459 17805.486 -2.896548 0.643503 -0.010252 0.000012200
13416.459 18403.990 -2.896548 0.643503 -0.010229 0.000011384
14314.214 18104.738 -2.896548 0.643503 -0.010097 0.000004199
14314.214 19401.496 -2.896548 0.643503 -0.009898 0.000003850
10623.441 14314.214 -2.896548 0.643503 -0.009009 0.000004654
10324.190 13416.459 -2.896548 0.643503 -0.009071 0.000009380
10324.190 12817.955 -2.896548 0.643503 -0.009191 0.000009939
10922.693 12817.955 -2.896548 0.643503 -0.008709 0.000010775
10922.693 13416.459 -2.896548 0.643503 -0.009463 0.000014316
11820.449 13117.207 -2.896548 0.643503 -0.008191 0.000004109
11820.449 14314.214 -2.896548 0.643503 -0.009057 0.000004327
10623.441 11820.449 -2.896548 0.643503 -0.008220 0.000004744
10623.441 10623.441 -2.896548 0.643503 -0.008610 0.000004824
11820.449 10623.441 -2.896548 0.643503 -0.007906 0.000003934
11820.449 11820.449 -2.896548 0.643503 -0.008978 0.000004320
12817.955 12119.701 -2.896548 0.643503 -0.009185 0.000009299
12817.955 11521.197 -2.896548 0.643503 -0.009924 0.000008170
13416.459 11521.197 -2.896548 0.643503 -0.010092 0.000011806
13416.459 12119.701 -2.896548 0.643503 -0.009531 0.000016775
13117.207 10623.441 -2.896548 0.643503 -0.009186 0.000003294
14314.214 10623.441 -2.896548 0.643503 -0.009745 0.000003657
14014.963 12119.701 -2.896548 0.643503 -0.009603 0.000014626
14014.963 11521.197 -2.896548 0.643503 -0.008778 0.000008530
14613.466 11521.197 -2.896548 0.643503 -0.009007 0.000011122
14613.466 12119.701 -2.896548 0.643503 -0.009968 0.000007555
13117.207 14314.214 -2.896548 0.643503 -0.009040 0.000004613
13117.207 13117.207 -2.896548 0.643503 -0.008321 0.000003672
14314.214 13117.207 -2.896548 0.643503 -0.009103 0.000003187
14314.214 14314.214 -2.896548 0.643503 -0.009507 0.000003161
16209.476 13715.711 -2.896548 0.643503 -0.008999 0.000001594
15610.973 11820.449 -2.896548 0.643503 -0.008653 0.000006617
15311.721 10922.693 -2.896548 0.643503 -0.008334 0.000014847
15311.721 10324.190 -2.896548 0.643503 -0.008631 0.000008999
15910.224 10324.190 -2.896548 0.643503 -0.008839 0.000007574
15910.224 10922.693 -2.896548 0.643503 -0.007662 0.000009517
16807.980 10623.441 -2.896548 0.643503 -0.008520 0.000005237
16807.980 11820.449 -2.896548 0.643503 -0.009170 0.000004070
17805.486 12119.701 -2.896548 0.643503 -0.008663 0.000005355
17805.486 11521.197 -2.896548 0.643503 -0.009450 0.000009520
18403.990 11521.197 -2.896548 0.643503 -0.009313 0.000012810
18403.990 12119.701 -2.896548 0.643503 -0.008885 0.000009970
18104.738 10623.441 -2.896548 0.643503 -0.009439 0.000007687
19002.494 10922.693 -2.896548 0.643503 -0.008947 0.000011691
19002.494 10324.190 -2.896548 0.643503 -0.009321 0.000007791
19600.998 10324.190 -2.896548 0.643503 -0.009025 0.000010639
19600.998 10922.693 -2.896548 0.643503 -0.009366 0.000020412
19301.746 11820.449 -2.896548 0.643503 -0.010099 0.000004543
18104.738 14314.214 -2.896548 0.643503 -0.008806 0.000002845
18104.738 13117.207 -2.896548 0.643503 -0.009243 0.000003699
19301.746 13117.207 -2.896548 0.643503 -0.009337 0.000004104
19301.746 14314.214 -2.896548 0.643503 -0.010063 0.000005074
15610.973 19401.496 -2.896548 0.643503 -0.009827 0.000003399
15610.973 18104.738 -2.896548 0.643503 -0.009774 0.000003683
16508.728 18403.990 -2.896548 0.643503 -0.009803 0.000006631
16508.728 17805.486 -2.896548 0.643503 -0.008732 0.000009602
17107.232 17805.486 -2.896548 0.643503 -0.009525 0.000007721
17107.232 18403.990 -2.896548 0.643503 -0.008330 0.000010430
16807.980 19401.496 -2.896548 0.643503 -0.008987 0.000004972
16209.476 16209.476 -2.896548 0.643503 -0.008653 0.000001349
18104.738 16807.980 -2.896548 0.643503 -0.009283 0.000004356
18104.738 15610.973 -2.896548 0.643503 -0.008123 0.000002884
19301.746 15610.973 -2.896548 0.643503 -0.009740 0.000006093
19301.746 16807.980 -2.896548 0.643503 -0.009594 0.000003802
18104.738 19401.496 -2.896548 0.643503 -0.009132 0.000004022
18104.738 18104.738 -2.896548 0.643503 -0.010259 0.000003758
19301.746 18104.738 -2.896548 0.643503 -0.009667 0.000002700
19301.746 19401.496 -2.896548 0.643503 -0.008848 0.000003505
